Price,Close,High,Low,Open,Volume
Ticker,EWS,EWS,EWS,EWS,EWS
Date,,,,,
1996-03-18,9.324313163757324,9.324313163757324,9.324313163757324,9.324313163757324,500
1996-03-19,9.417557716369629,9.417557716369629,9.417557716369629,9.417557716369629,18500
1996-03-20,9.324313163757324,9.324313163757324,9.324313163757324,9.324313163757324,3400
1996-03-21,9.324313163757324,9.324313163757324,9.324313163757324,9.324313163757324,0
1996-03-22,9.510802268981934,9.510802268981934,9.510802268981934,9.510802268981934,350
1996-03-25,9.604046821594238,9.604046821594238,9.604046821594238,9.604046821594238,1100
1996-03-26,9.650673866271973,9.650673866271973,9.55743064051089,9.650673866271973,1550
1996-03-27,9.557426452636719,9.604048045088605,9.557426452636719,9.604048045088605,900
1996-03-28,9.417557716369629,9.417557716369629,9.417557716369629,9.417557716369629,2500
1996-03-29,9.557426452636719,9.604048045088605,9.510804860184832,9.604048045088605,3100
1996-04-01,9.417557716369629,9.604044007782889,9.417557716369629,9.604044007782889,4900
1996-04-02,9.370943069458008,9.370943069458008,9.277699854836534,9.370943069458008,31450
1996-04-03,9.417557716369629,9.417557716369629,9.417557716369629,9.417557716369629,900
1996-04-04,9.417557716369629,9.464179289222944,9.417557716369629,9.464179289222944,1500
1996-04-08,9.23107624053955,9.324319434888436,9.23107624053955,9.324319434888436,900
1996-04-09,9.23107624053955,9.370941032062877,9.23107624053955,9.370941032062877,500
1996-04-10,9.324313163757324,9.417556295394897,9.324313163757324,9.417556295394897,4300
1996-04-11,9.370943069458008,9.370943069458008,9.370943069458008,9.370943069458008,150
1996-04-12,9.417557716369629,9.417557716369629,9.370936143516314,9.370936143516314,1000
1996-04-15,9.417557716369629,9.417557716369629,9.417557716369629,9.417557716369629,200
1996-04-16,9.557426452636719,9.557426452636719,9.557426452636719,9.557426452636719,12650
1996-04-17,9.510802268981934,9.604045428481758,9.510802268981934,9.604045428481758,6400
1996-04-18,9.510802268981934,9.510802268981934,9.464180689232023,9.464180689232023,5550
1996-04-19,9.510802268981934,9.510802268981934,9.510802268981934,9.510802268981934,2300
1996-04-22,9.417557716369629,9.510800862076259,9.417557716369629,9.510800862076259,6300
1996-04-23,9.324313163757324,9.417556295394897,9.324313163757324,9.417556295394897,14500
1996-04-24,9.277695655822754,9.324317242032919,9.231074069612589,9.324317242032919,2550
1996-04-25,9.23107624053955,9.277697837713994,9.18445464336511,9.18445464336511,5400
1996-04-26,9.370943069458008,9.417564676768745,9.277699854836534,9.277699854836534,16450
1996-04-29,9.417557716369629,9.464179289222944,9.370936143516314,9.464179289222944,2550
1996-04-30,9.464183807373047,9.510805402483259,9.417562212262835,9.417562212262835,16850
1996-05-01,9.417557716369629,9.464179289222944,9.417557716369629,9.464179289222944,6000
1996-05-02,9.370943069458008,9.46418628407948,9.370943069458008,9.417564676768745,16150
1996-05-03,9.417557716369629,9.417557716369629,9.370936143516314,9.417557716369629,9000
1996-05-06,9.370943069458008,9.417564676768745,9.324321462147271,9.370943069458008,7050
1996-05-07,9.324313163757324,9.417556295394897,9.277691597938537,9.37093472957611,15800
1996-05-08,9.277695655822754,9.324317242032919,9.184452483402424,9.277695655822754,8800
1996-05-09,9.370943069458008,9.417564676768745,9.277699854836534,9.417564676768745,14250
1996-05-10,9.324313163757324,9.417556295394897,9.324313163757324,9.37093472957611,7700
1996-05-13,9.370943069458008,9.417564676768745,9.324321462147271,9.324321462147271,8100
1996-05-14,9.324313163757324,9.37093472957611,9.184448466300964,9.324313163757324,33000
1996-05-15,9.091212272644043,9.184455475440393,9.044590671245869,9.184455475440393,3200
1996-05-16,9.137829780578613,9.184451361091769,8.997965039039144,8.997965039039144,4050
1996-05-17,9.044586181640625,9.137829338152384,8.997964603384744,9.137829338152384,2700
1996-05-20,8.997967720031738,9.044589314436047,8.904724531223119,9.044589314436047,9500
1996-05-21,8.997967720031738,8.997967720031738,8.8114813424145,8.95134612562743,14300
1996-05-22,8.904725074768066,8.951346672018161,8.811481880267877,8.951346672018161,3000
1996-05-23,8.997967720031738,8.997967720031738,8.997967720031738,8.997967720031738,50
1996-05-24,9.137829780578613,9.137829780578613,8.904721878012833,8.904721878012833,27350
1996-05-28,9.044586181640625,9.137829338152384,8.951343025128866,9.137829338152384,16600
1996-05-29,8.951348304748535,8.997969910502434,8.951348304748535,8.951348304748535,16750
1996-05-30,8.951348304748535,8.951348304748535,8.951348304748535,8.951348304748535,2100
1996-05-31,8.997967720031738,9.044589314436047,8.997967720031738,8.997967720031738,5900
1996-06-03,8.764859199523926,8.951345565471243,8.671616016550267,8.951345565471243,10900
1996-06-04,8.904725074768066,8.904725074768066,8.71823868576769,8.71823868576769,8700
1996-06-05,8.858101844787598,8.858101844787598,8.858101844787598,8.858101844787598,2100
1996-06-06,9.044586181640625,9.091207759896504,9.044586181640625,9.044586181640625,1600
1996-06-07,8.951348304748535,8.997969910502434,8.904726698994637,8.951348304748535,3900
1996-06-10,9.091212272644043,9.091212272644043,9.091212272644043,9.091212272644043,2500
1996-06-11,9.044586181640625,9.091207759896504,9.044586181640625,9.091207759896504,3300
1996-06-12,8.997967720031738,9.044589314436047,8.95134612562743,9.044589314436047,700
1996-06-13,8.904725074768066,8.951346672018161,8.811481880267877,8.904725074768066,6550
1996-06-14,8.997967720031738,8.997967720031738,8.997967720031738,8.997967720031738,700
1996-06-17,8.904725074768066,9.091211463768445,8.904725074768066,9.091211463768445,3650
1996-06-18,9.091212272644043,9.091212272644043,9.044590671245869,9.044590671245869,1850
1996-06-19,9.044586181640625,9.091207759896504,9.044586181640625,9.091207759896504,2100
1996-06-20,9.091212272644043,9.091212272644043,9.091212272644043,9.091212272644043,150
1996-06-21,9.091212272644043,9.091212272644043,9.044590671245869,9.044590671245869,1150
1996-06-24,9.091212272644043,9.091212272644043,9.091212272644043,9.091212272644043,3150
1996-06-25,9.091212272644043,9.091212272644043,9.091212272644043,9.091212272644043,1550
1996-06-26,9.091212272644043,9.091212272644043,9.091212272644043,9.091212272644043,350
1996-06-27,8.997967720031738,9.044589314436047,8.95134612562743,9.044589314436047,1900
1996-06-28,9.044586181640625,9.044586181640625,9.044586181640625,9.044586181640625,3400
1996-07-01,9.044586181640625,9.044586181640625,8.951343025128866,8.951343025128866,550
1996-07-02,8.951348304748535,9.044591516256332,8.951348304748535,9.044591516256332,3450
1996-07-03,8.951348304748535,8.951348304748535,8.951348304748535,8.951348304748535,0
1996-07-05,8.764859199523926,8.764859199523926,8.764859199523926,8.764859199523926,50
1996-07-08,8.671615600585938,8.858101957587786,8.671615600585938,8.858101957587786,1950
1996-07-09,8.764859199523926,8.764859199523926,8.718237608037096,8.718237608037096,150
1996-07-10,8.764859199523926,8.764859199523926,8.764859199523926,8.764859199523926,1050
1996-07-11,8.671615600585938,8.811480368337325,8.531750832834552,8.811480368337325,1050
1996-07-12,8.578369140625,8.578369140625,8.391882854959238,8.578369140625,1000
1996-07-15,8.345263481140137,8.345263481140137,8.345263481140137,8.345263481140137,100
1996-07-16,8.205399513244629,8.39188586581837,8.205399513244629,8.39188586581837,3050
1996-07-17,8.578369140625,8.578369140625,8.345261283542799,8.345261283542799,2100
1996-07-18,8.624998092651367,8.624998092651367,8.578376481339738,8.578376481339738,2750
1996-07-19,8.438508033752441,8.671615990485934,8.438508033752441,8.671615990485934,15850
1996-07-22,8.438508033752441,8.438508033752441,8.345264851059044,8.345264851059044,350
1996-07-23,8.438508033752441,8.48512962509914,8.391886442405742,8.48512962509914,8000
1996-07-24,8.391887664794922,8.438509262932673,8.252022870381674,8.345266066657173,40350
1996-07-25,8.391887664794922,8.391887664794922,8.391887664794922,8.391887664794922,400
1996-07-26,8.345263481140137,8.345263481140137,8.345263481140137,8.345263481140137,100
1996-07-29,8.11215591430664,8.205399085735452,8.11215591430664,8.205399085735452,400
1996-07-30,8.11215591430664,8.11215591430664,8.11215591430664,8.11215591430664,2150
1996-07-31,8.345263481140137,8.345263481140137,8.205398730059576,8.205398730059576,1900
1996-08-01,8.391887664794922,8.438509262932673,8.391887664794922,8.438509262932673,2850
1996-08-02,8.391887664794922,8.485130861070422,8.391887664794922,8.438509262932673,2800
1996-08-05,8.391887664794922,8.438509262932673,8.391887664794922,8.438509262932673,800
1996-08-06,8.438508033752441,8.531751216445839,8.438508033752441,8.531751216445839,1050
1996-08-07,8.624998092651367,8.624998092651367,8.53175487002811,8.53175487002811,600
1996-08-08,8.485130310058594,8.531751905168806,8.39188711983817,8.531751905168806,1850
1996-08-09,8.345263481140137,8.485128232220697,8.345263481140137,8.485128232220697,12650
1996-08-12,8.391887664794922,8.531752459208171,8.298644468519424,8.531752459208171,6900
1996-08-13,8.205399513244629,8.205399513244629,8.205399513244629,8.205399513244629,550
1996-08-14,8.391887664794922,8.485130861070422,8.391887664794922,8.485130861070422,450
1996-08-15,8.298644065856934,8.298644065856934,8.158779278230131,8.298644065856934,950
1996-08-16,8.205399513244629,8.2986426895315,8.205399513244629,8.2986426895315,650
1996-08-19,8.158777236938477,8.205398821149554,8.158777236938477,8.205398821149554,6000
1996-08-20,8.391887664794922,8.391887664794922,8.298644468519424,8.298644468519424,600
1996-08-21,8.531753540039062,8.578375144082992,8.391888727907274,8.391888727907274,14500
1996-08-22,8.531753540039062,8.578375144082992,8.531753540039062,8.578375144082992,1400
1996-08-23,8.578369140625,8.62499071204144,8.578369140625,8.62499071204144,400
1996-08-26,8.511772155761719,8.55854013463953,8.511772155761719,8.55854013463953,450
1996-08-27,8.605308532714844,8.605308532714844,8.41823660809061,8.558540551558785,550
1996-08-28,8.605308532714844,8.605308532714844,8.605308532714844,8.605308532714844,2100
1996-08-29,8.511772155761719,8.55854013463953,8.465004176883907,8.55854013463953,15050
1996-08-30,8.605308532714844,8.605308532714844,8.511772570402727,8.511772570402727,2550
1996-09-03,8.371467590332031,8.371467590332031,8.231163664237082,8.371467590332031,11300
1996-09-04,8.371467590332031,8.371467590332031,8.371467590332031,8.371467590332031,100
1996-09-05,8.418238639831543,8.418238639831543,8.418238639831543,8.418238639831543,950
1996-09-06,8.324702262878418,8.465006233601088,8.324702262878418,8.465006233601088,6400
1996-09-09,8.371467590332031,8.418235565697014,8.324699614967049,8.324699614967049,6900
1996-09-10,8.418238639831543,8.46500663227505,8.324702654944526,8.46500663227505,250
1996-09-11,8.324702262878418,8.324702262878418,8.324702262878418,8.324702262878418,550
1996-09-12,8.418238639831543,8.418238639831543,8.324702654944526,8.324702654944526,700
1996-09-13,8.511772155761719,8.511772155761719,8.511772155761719,8.511772155761719,400
1996-09-16,8.55854606628418,8.55854606628418,8.511778054993009,8.511778054993009,200
1996-09-17,8.605308532714844,8.605308532714844,8.558540551558785,8.558540551558785,10050
1996-09-18,8.511772155761719,8.605308113517342,8.511772155761719,8.605308113517342,33600
1996-09-19,8.605308532714844,8.605308532714844,8.605308532714844,8.605308532714844,12550
1996-09-20,8.652081489562988,8.652081489562988,8.511777465407913,8.511777465407913,750
1996-09-23,8.55854606628418,8.55854606628418,8.418242032410667,8.418242032410667,650
1996-09-24,8.511772155761719,8.511772155761719,8.371468219128284,8.371468219128284,1900
1996-09-25,8.418238639831543,8.418238639831543,8.418238639831543,8.418238639831543,150
1996-09-26,8.465007781982422,8.511775780777905,8.418239783186939,8.465007781982422,25050
1996-09-27,8.465007781982422,8.55854377957339,8.465007781982422,8.465007781982422,13300
1996-09-30,8.511772155761719,8.511772155761719,8.418236198006095,8.511772155761719,7450
1996-10-01,8.465007781982422,8.511775780777905,8.418239783186939,8.511775780777905,3500
1996-10-02,8.511772155761719,8.55854013463953,8.465004176883907,8.511772155761719,13200
1996-10-03,8.418238639831543,8.51177462471856,8.418238639831543,8.51177462471856,7500
1996-10-04,8.511772155761719,8.511772155761719,8.371468219128284,8.371468219128284,2150
1996-10-07,8.231167793273926,8.324703790924767,8.231167793273926,8.324703790924767,4600
1996-10-08,8.137632369995117,8.231168374247934,8.090864367868708,8.090864367868708,3500
1996-10-09,8.231167793273926,8.324703790924767,8.137631795623086,8.137631795623086,1400
1996-10-10,8.324702262878418,8.324702262878418,8.137630301914859,8.137630301914859,6250
1996-10-11,8.231167793273926,8.277935792099345,8.231167793273926,8.231167793273926,3250
1996-10-14,8.090864181518555,8.231168184666275,8.090864181518555,8.231168184666275,33050
1996-10-15,8.184398651123047,8.277934635707311,8.04409467424665,8.277934635707311,8650
1996-10-16,8.277935028076172,8.277935028076172,8.231167033567267,8.231167033567267,9950
1996-10-17,8.277935028076172,8.277935028076172,8.137631044549456,8.231167033567267,1850
1996-10-18,8.231167793273926,8.324703790924767,8.184399794448506,8.277935792099345,2350
1996-10-21,8.044095993041992,8.137631992961085,7.997327993082446,8.137631992961085,16700
1996-10-22,8.137632369995117,8.137632369995117,8.0440963657423,8.090864367868708,1050
1996-10-23,8.090864181518555,8.184400183617035,8.090864181518555,8.137632182567794,10850
1996-10-24,8.324702262878418,8.324702262878418,8.277934272637529,8.277934272637529,1450
1996-10-25,8.324702262878418,8.418238243360198,8.324702262878418,8.324702262878418,2950
1996-10-28,8.324702262878418,8.418238243360198,8.277934272637529,8.371470253119309,53750
1996-10-29,8.277935028076172,8.277935028076172,8.231167033567267,8.231167033567267,1600
1996-10-30,8.231167793273926,8.324703790924767,8.231167793273926,8.324703790924767,5850
1996-10-31,8.184398651123047,8.277934635707311,8.184398651123047,8.231166643415179,6850
1996-11-01,8.231167793273926,8.231167793273926,8.137631795623086,8.137631795623086,600
1996-11-04,8.231167793273926,8.231167793273926,8.231167793273926,8.231167793273926,650
1996-11-05,8.231167793273926,8.231167793273926,8.231167793273926,8.231167793273926,300
1996-11-06,8.324702262878418,8.324702262878418,8.184398292155748,8.184398292155748,2800
1996-11-07,8.418238639831543,8.418238639831543,8.324702654944526,8.371470647388035,4750
1996-11-08,8.511772155761719,8.511772155761719,8.511772155761719,8.511772155761719,1350
1996-11-11,8.511772155761719,8.511772155761719,8.418236198006095,8.418236198006095,1450
1996-11-12,8.55854606628418,8.55854606628418,8.55854606628418,8.55854606628418,200
1996-11-13,8.605308532714844,8.605308532714844,8.605308532714844,8.605308532714844,10800
1996-11-14,8.839152336120605,8.839152336120605,8.79238433434219,8.79238433434219,5850
1996-11-15,8.885917663574219,8.885917663574219,8.839149675871196,8.885917663574219,5850
1996-11-18,8.745615005493164,8.839150994856727,8.745615005493164,8.839150994856727,1150
1996-11-19,8.79238510131836,8.79238510131836,8.65208108374413,8.65208108374413,3900
1996-11-20,8.932687759399414,8.932687759399414,8.885919760659103,8.885919760659103,1900
1996-11-21,8.979455947875977,8.979455947875977,8.979455947875977,8.979455947875977,10950
1996-11-22,8.885917663574219,9.026221626683286,8.885917663574219,8.979453638980264,26100
1996-11-25,8.885917663574219,9.026221626683286,8.885917663574219,8.979453638980264,1400
1996-11-26,8.885917663574219,9.072989614386309,8.885917663574219,9.072989614386309,2300
1996-11-27,8.979455947875977,9.07299194733302,8.885919948418936,9.07299194733302,1800
1996-11-29,8.79238510131836,8.885921113034513,8.698849089602207,8.885921113034513,7850
1996-12-02,8.698847770690918,8.932687764526696,8.698847770690918,8.79238376822523,4900
1996-12-03,8.885917663574219,8.885917663574219,8.885917663574219,8.885917663574219,750
1996-12-04,8.932687759399414,8.932687759399414,8.885919760659103,8.885919760659103,1900
1996-12-05,8.932687759399414,8.932687759399414,8.932687759399414,8.932687759399414,100
1996-12-06,8.79238510131836,8.79238510131836,8.605313077886054,8.605313077886054,700
1996-12-09,8.839152336120605,8.932688339677437,8.745616332563774,8.932688339677437,5800
1996-12-10,8.932687759399414,8.932687759399414,8.885919760659103,8.932687759399414,1900
1996-12-11,8.839152336120605,8.932688339677437,8.79238433434219,8.932688339677437,3100
1996-12-12,8.839152336120605,8.839152336120605,8.652080329006942,8.698848330785358,13450
1996-12-13,8.698847770690918,8.698847770690918,8.605311773156608,8.605311773156608,2100
1996-12-16,8.79238510131836,8.79238510131836,8.79238510131836,8.79238510131836,100
1996-12-17,8.79238510131836,8.839153107176436,8.698849089602207,8.79238510131836,1650
1996-12-18,8.839152336120605,8.839152336120605,8.79238433434219,8.79238433434219,250
1996-12-19,8.885917663574219,8.932685651277241,8.745613700465153,8.839149675871196,5250
1996-12-20,8.839152336120605,8.932688339677437,8.79238433434219,8.932688339677437,10500
1996-12-23,8.79238510131836,8.79238510131836,8.65208108374413,8.65208108374413,3600
1996-12-24,8.885917663574219,8.885917663574219,8.885917663574219,8.885917663574219,15350
1996-12-26,8.79238510131836,8.839153107176436,8.79238510131836,8.839153107176436,3150
1996-12-27,8.745615005493164,8.885918989538508,8.745615005493164,8.839150994856727,31100
1996-12-30,8.932687759399414,8.932687759399414,8.792383763178481,8.932687759399414,2650
1996-12-31,8.979455947875977,8.979455947875977,8.932687948147457,8.979455947875977,2400
1997-01-02,8.932687759399414,8.932687759399414,8.932687759399414,8.932687759399414,3500
1997-01-03,8.979455947875977,8.979455947875977,8.932687948147457,8.932687948147457,1900
1997-01-06,9.07298755645752,9.07298755645752,9.07298755645752,9.07298755645752,3600
1997-01-07,9.07298755645752,9.07298755645752,8.932683625172094,8.932683625172094,4550
1997-01-08,9.07298755645752,9.07298755645752,8.979451602267236,9.07298755645752,1100
1997-01-09,9.07298755645752,9.166523510647803,8.979451602267236,9.026219579362378,6900
1997-01-10,9.07298755645752,9.07298755645752,8.885915648076953,8.979451602267236,4600
1997-01-13,9.026224136352539,9.026224136352539,8.88592013423307,8.88592013423307,2250
1997-01-14,8.979455947875977,8.979455947875977,8.885919948418936,8.885919948418936,6250
1997-01-15,8.839152336120605,9.02622434323427,8.839152336120605,9.02622434323427,550
1997-01-16,9.026224136352539,9.026224136352539,8.83915213352658,9.026224136352539,15950
1997-01-17,9.260064125061035,9.260064125061035,9.07299212253455,9.07299212253455,300
1997-01-20,9.166525840759277,9.306829807709674,9.119757851775812,9.260061818726209,6900
1997-01-21,9.260064125061035,9.260064125061035,9.07299212253455,9.260064125061035,2500
1997-01-22,9.260064125061035,9.306832125692656,9.260064125061035,9.306832125692656,7050
1997-01-23,9.260064125061035,9.4003681269559,9.260064125061035,9.353600126324277,2200
1997-01-24,9.306830406188965,9.306830406188965,9.260062414198066,9.260062414198066,950
1997-01-27,9.213294982910156,9.213294982910156,9.166526988073048,9.166526988073048,900
1997-01-28,9.119759559631348,9.119759559631348,9.07299156188965,9.07299156188965,4350
1997-01-29,9.213294982910156,9.213294982910156,8.979455008724619,9.213294982910156,2800
1997-01-30,9.166525840759277,9.166525840759277,9.072989862792346,9.072989862792346,1000
1997-01-31,9.306830406188965,9.306830406188965,9.119758438225368,9.306830406188965,7550
1997-02-03,9.260064125061035,9.353600126324277,9.166528123797793,9.353600126324277,7750
1997-02-04,9.213294982910156,9.260062977747264,9.166526988073048,9.260062977747264,25750
1997-02-05,9.213294982910156,9.213294982910156,9.213294982910156,9.213294982910156,5200
1997-02-06,9.213294982910156,9.213294982910156,9.072990998398835,9.213294982910156,900
1997-02-07,9.166525840759277,9.213293829742742,9.02622187380888,9.02622187380888,12600
1997-02-10,9.213294982910156,9.213294982910156,9.026223003561727,9.026223003561727,5500
1997-02-11,9.306830406188965,9.306830406188965,9.02622245424357,9.213294422207166,7250
1997-02-12,9.400369644165039,9.400369644165039,9.213297611445336,9.353601635985113,6050
1997-02-13,9.260064125061035,9.260064125061035,9.260064125061035,9.260064125061035,12600
1997-02-14,9.400369644165039,9.49390566052489,9.306833627805188,9.49390566052489,2950
1997-02-18,9.353597640991211,9.400365629196168,9.260061664581299,9.400365629196168,8050
1997-02-19,9.353597640991211,9.353597640991211,9.260061664581299,9.353597640991211,8050
1997-02-20,9.493904113769531,9.493904113769531,9.44713611320909,9.44713611320909,2750
1997-02-21,9.400369644165039,9.49390566052489,9.400369644165039,9.49390566052489,11550
1997-02-24,8.979455947875977,9.400367945432663,8.979455947875977,9.400367945432663,36000
1997-02-25,9.166525840759277,9.213293829742742,9.119757851775812,9.213293829742742,5100
1997-02-26,8.979455947875977,9.119759947061539,8.979455947875977,9.026223947604498,1300
1997-02-27,8.839152336120605,9.02622434323427,8.839152336120605,9.02622434323427,5600
1997-02-28,8.79238510131836,8.979457124750665,8.79238510131836,8.885921113034513,6200
1997-03-03,8.79238510131836,8.885921113034513,8.79238510131836,8.79238510131836,2400
1997-03-04,8.79238510131836,8.885921113034513,8.698849089602207,8.885921113034513,3250
1997-03-05,8.698847770690918,8.79238376822523,8.698847770690918,8.79238376822523,5500
1997-03-06,8.605308532714844,8.79238045733908,8.605308532714844,8.79238045733908,5350
1997-03-07,8.698847770690918,8.79238376822523,8.698847770690918,8.79238376822523,1900
1997-03-10,8.652081489562988,8.792385513718065,8.652081489562988,8.792385513718065,16300
1997-03-11,8.79238510131836,8.79238510131836,8.698849089602207,8.79238510131836,31750
1997-03-12,8.698847770690918,8.698847770690918,8.605311773156608,8.652079771923763,1550
1997-03-13,8.605308532714844,8.605308532714844,8.511772570402727,8.605308532714844,1650
1997-03-14,8.465007781982422,8.465007781982422,8.27793578680049,8.324703785595974,4000
1997-03-17,8.324702262878418,8.324702262878418,8.324702262878418,8.324702262878418,14450
1997-03-18,8.324702262878418,8.418238243360198,8.231166282396638,8.277934272637529,950
1997-03-19,8.418238639831543,8.418238639831543,8.231166670057508,8.324702654944526,3300
1997-03-20,8.044095993041992,8.044095993041992,8.044095993041992,8.044095993041992,850
1997-03-21,8.231167793273926,8.231167793273926,7.997327799146826,7.997327799146826,46400
1997-03-24,8.137632369995117,8.137632369995117,8.0440963657423,8.137632369995117,4200
1997-03-25,8.231167793273926,8.324703790924767,8.231167793273926,8.231167793273926,5750
1997-03-26,8.231167793273926,8.277935792099345,8.231167793273926,8.277935792099345,1950
1997-03-27,8.137632369995117,8.277936376374344,8.137632369995117,8.277936376374344,7650
1997-03-31,8.044095993041992,8.137631992961085,7.9505599931229,7.9505599931229,4500
1997-04-01,8.137632369995117,8.137632369995117,8.0440963657423,8.0440963657423,1550
1997-04-02,8.137632369995117,8.231168374247934,8.137632369995117,8.231168374247934,8900
1997-04-03,8.231167793273926,8.231167793273926,7.997327799146826,7.997327799146826,1400
1997-04-04,8.324702262878418,8.324702262878418,8.137630301914859,8.137630301914859,7050
1997-04-07,8.324702262878418,8.418238243360198,8.231166282396638,8.418238243360198,2300
1997-04-08,8.418238639831543,8.418238639831543,8.418238639831543,8.418238639831543,300
1997-04-09,8.371467590332031,8.418235565697014,8.371467590332031,8.418235565697014,4600
1997-04-10,8.324702262878418,8.418238243360198,8.324702262878418,8.418238243360198,4500
1997-04-11,8.184398651123047,8.184398651123047,8.090862666538783,8.090862666538783,6100
1997-04-14,8.044095993041992,8.137631992961085,8.044095993041992,8.09086399300154,8600
1997-04-15,7.997326374053955,8.137630345528587,7.997326374053956,8.044094364545499,1500
1997-04-16,8.090864181518555,8.137632182567794,8.090864181518555,8.137632182567794,1000
1997-04-17,8.231167793273926,8.231167793273926,8.184399794448506,8.231167793273926,14800
1997-04-18,8.137632369995117,8.184400372121527,8.137632369995117,8.184400372121527,2850
1997-04-21,8.137632369995117,8.137632369995117,8.137632369995117,8.137632369995117,300
1997-04-22,8.184398651123047,8.184398651123047,8.137630658830915,8.137630658830915,18000
1997-04-23,8.090864181518555,8.184400183617035,8.090864181518555,8.090864181518555,2150
1997-04-24,7.950561046600342,8.044097058913287,7.857025034287397,8.044097058913287,5350
1997-04-25,7.857023239135742,8.044095221019926,7.857023239135742,8.044095221019926,27750
1997-04-28,7.576415538787842,7.763487527399887,7.576415538787841,7.669951533093864,5950
1997-04-29,7.716720104217529,7.763488104849151,7.669952103585908,7.763488104849151,3650
1997-04-30,7.950561046600342,7.950561046600342,7.810257028130924,7.950561046600342,1400
1997-05-01,7.763484954833984,7.950556881456491,7.763484954833984,7.950556881456491,1400
1997-05-02,7.810256004333496,7.997328004437293,7.810256004333496,7.857024004359445,2600
1997-05-05,7.903789520263672,8.090861461571688,7.903789520263672,8.090861461571688,1000
1997-05-06,8.184398651123047,8.184398651123047,7.99732668195452,7.99732668195452,2200
1997-05-07,8.324702262878418,8.324702262878418,8.137630301914859,8.137630301914859,2000
1997-05-08,8.044095993041992,8.231167992880179,8.044095993041992,8.231167992880179,4800
1997-05-09,8.324702262878418,8.324702262878418,8.090862311673968,8.090862311673968,25850
1997-05-12,8.698847770690918,8.698847770690918,8.418239778087985,8.418239778087985,12100
1997-05-13,8.511772155761719,8.652076092395154,8.465004176883907,8.652076092395154,3850
1997-05-14,8.605308532714844,8.652076513870904,8.511772570402727,8.652076513870904,1200
1997-05-15,8.418238639831543,8.558542617162068,8.418238639831543,8.558542617162068,10150
1997-05-16,8.324702262878418,8.418238243360198,8.324702262878418,8.371470253119309,11750
1997-05-19,8.231167793273926,8.418239788575606,8.231167793273926,8.371471789750187,4100
1997-05-20,8.371467590332031,8.371467590332031,8.231163664237082,8.324699614967049,18600
1997-05-21,8.371467590332031,8.371467590332031,8.277931639602064,8.277931639602064,2400
1997-05-22,8.371467590332031,8.371467590332031,8.371467590332031,8.371467590332031,250
1997-05-23,8.371467590332031,8.371467590332031,8.231163664237082,8.231163664237082,850
1997-05-27,8.324702262878418,8.418238243360198,8.231166282396638,8.231166282396638,3750
1997-05-28,8.465007781982422,8.465007781982422,8.231167788005008,8.371471784391456,2550
1997-05-29,8.324702262878418,8.418238243360198,8.324702262878418,8.418238243360198,750
1997-05-30,8.324702262878418,8.324702262878418,8.324702262878418,8.324702262878418,50
1997-06-02,8.55854606628418,8.55854606628418,8.324706009828327,8.324706009828327,2400
1997-06-03,8.418238639831543,8.51177462471856,8.418238639831543,8.51177462471856,2300
1997-06-04,8.55854606628418,8.55854606628418,8.371474021119498,8.55854606628418,7700
1997-06-05,8.371467590332031,8.371467590332031,8.324699614967049,8.324699614967049,2300
1997-06-06,8.511772155761719,8.511772155761719,8.418236198006095,8.511772155761719,1250
1997-06-09,8.418238639831543,8.51177462471856,8.418238639831543,8.51177462471856,1300
1997-06-10,8.465007781982422,8.465007781982422,8.371471784391456,8.418239783186939,1700
1997-06-11,8.465007781982422,8.465007781982422,8.371471784391456,8.418239783186939,2650
1997-06-12,8.371467590332031,8.371467590332031,8.371467590332031,8.371467590332031,300
1997-06-13,8.231167793273926,8.324703790924767,8.137631795623086,8.137631795623086,3000
1997-06-16,8.231167793273926,8.231167793273926,8.137631795623086,8.137631795623086,2000
1997-06-17,8.277935028076172,8.371471017093981,8.231167033567267,8.231167033567267,1950
1997-06-18,8.324702262878418,8.324702262878418,8.324702262878418,8.324702262878418,650
1997-06-19,8.371467590332031,8.371467590332031,8.277931639602064,8.277931639602064,1200
1997-06-20,8.277935028076172,8.277935028076172,8.184399039058363,8.277935028076172,11850
1997-06-23,8.371467590332031,8.418235565697014,8.277931639602064,8.418235565697014,7150
1997-06-24,8.418238639831543,8.418238639831543,8.371470647388035,8.371470647388035,9550
1997-06-25,8.418238639831543,8.418238639831543,8.418238639831543,8.418238639831543,4150
1997-06-26,8.511772155761719,8.511772155761719,8.324700240250472,8.324700240250472,3300
1997-06-27,8.324702262878418,8.324702262878418,8.324702262878418,8.324702262878418,6750
1997-06-30,8.231167793273926,8.277935792099345,8.231167793273926,8.277935792099345,26000
1997-07-01,8.277935028076172,8.418239011602887,8.231167033567267,8.277935028076172,53600
1997-07-02,8.418238639831543,8.418238639831543,8.418238639831543,8.418238639831543,1400
1997-07-03,8.465007781982422,8.465007781982422,8.418239783186939,8.418239783186939,1950
1997-07-07,8.55854606628418,8.605314077575349,8.418242032410667,8.511778054993009,8500
1997-07-08,8.698847770690918,8.698847770690918,8.558543774389452,8.698847770690918,1850
1997-07-09,8.418238639831543,8.652078602049086,8.418238639831543,8.652078602049086,18100
1997-07-10,8.324702262878418,8.418238243360198,8.277934272637529,8.371470253119309,29650
1997-07-11,8.418238639831543,8.46500663227505,8.277934662501018,8.46500663227505,1350
1997-07-14,8.184398651123047,8.418238612583705,8.184398651123047,8.231166643415179,2450
1997-07-15,8.137632369995117,8.324704378500751,8.137632369995117,8.324704378500751,2350
1997-07-16,8.137632369995117,8.231168374247934,8.137632369995117,8.184400372121527,7800
1997-07-17,8.231167793273926,8.231167793273926,8.137631795623086,8.137631795623086,5450
1997-07-18,8.231167793273926,8.277935792099345,8.231167793273926,8.277935792099345,2600
1997-07-21,8.371467590332031,8.418235565697014,8.231163664237082,8.418235565697014,7100
1997-07-22,8.418238639831543,8.418238639831543,8.277934662501018,8.418238639831543,1550
1997-07-23,8.418238639831543,8.46500663227505,8.277934662501018,8.277934662501018,11500
1997-07-24,8.371467590332031,8.418235565697014,8.371467590332031,8.418235565697014,1300
1997-07-25,8.418238639831543,8.418238639831543,8.231166670057508,8.231166670057508,7700
1997-07-28,8.371467590332031,8.51177151642698,8.371467590332031,8.51177151642698,27300
1997-07-29,8.371467590332031,8.51177151642698,8.324699614967049,8.324699614967049,3700
1997-07-30,8.231167793273926,8.465007787401026,8.231167793273926,8.465007787401026,1800
1997-07-31,8.371467590332031,8.418235565697014,8.231163664237082,8.231163664237082,1950
1997-08-01,8.137632369995117,8.324704378500751,7.997328363615891,8.324704378500751,9550
1997-08-04,8.231167793273926,8.277935792099345,8.090863796797667,8.090863796797667,2600
1997-08-05,7.950561046600342,8.137633071226233,7.903793040443869,8.137633071226233,6150
1997-08-06,8.090864181518555,8.090864181518555,8.044096180469314,8.044096180469314,4050
1997-08-07,7.950561046600342,7.950561046600342,7.7634890219744515,7.950561046600342,3800
1997-08-08,7.669951438903809,7.763487432061172,7.623183442325127,7.763487432061172,2500
1997-08-11,7.5296478271484375,7.623183825001213,7.389343830369274,7.623183825001213,3400
1997-08-12,7.295807361602783,7.576415337049045,7.295807361602783,7.576415337049045,4200
1997-08-13,7.482879638671875,7.482879638671875,7.342575645446778,7.482879638671875,1900
1997-08-14,7.249039649963379,7.249039649963379,7.20227165222168,7.249039649963379,5450
1997-08-15,7.1555047035217285,7.249040712718091,7.155504703521728,7.249040712718091,3850
1997-08-18,7.108733654022217,7.155501638588152,6.96842970032441,7.108733654022217,3950
1997-08-19,7.249039649963379,7.249039649963379,7.061967658996583,7.061967658996583,7350
1997-08-20,7.482879638671875,7.529647636413575,7.389343643188477,7.529647636413575,1450
1997-08-21,7.5296478271484375,7.5296478271484375,7.295807832516498,7.48287982822205,23150
1997-08-22,7.482879638671875,7.529647636413575,7.295807647705079,7.529647636413575,12200
1997-08-25,7.335419654846191,7.38244157571059,7.1943538922529955,7.241375813117394,1950
1997-08-26,7.4294633865356445,7.476485306703592,7.33541954619975,7.4294633865356445,2650
1997-08-27,7.288397312164307,7.382441148450298,7.194353475878316,7.335419230307302,19050
1997-08-28,6.67711067199707,6.865198296560368,6.630088765856246,6.865198296560368,35750
1997-08-29,6.583067893981934,6.583067893981934,6.394980239868165,6.442002153396607,27600
1997-09-02,6.489023208618164,6.583067023235819,6.39497939400051,6.442001301309337,44600
1997-09-03,6.67711067199707,6.724132578137895,6.489023047433772,6.583066859715421,334550
1997-09-04,6.818174839019775,6.818174839019775,6.677109152695229,6.677109152695229,160100
1997-09-05,6.959244728088379,7.006266651926814,6.7711570327346395,6.959244728088379,19100
1997-09-08,7.006263256072998,7.1473289592154075,6.959241355025528,7.1473289592154075,32750
1997-09-09,7.100309371948242,7.194353204689278,7.100309371948242,7.14733128831876,14100
1997-09-10,7.053287506103516,7.241375172932943,6.959243672688802,7.194353256225586,28300
1997-09-11,6.865198135375977,7.053285755523263,6.818176230339155,7.053285755523263,10300
1997-09-12,7.053287506103516,7.0532875061035165,6.865199839274089,7.006265589396159,7400
1997-09-15,7.006263256072998,7.0532851571204676,6.959241355025528,6.959241355025528,13850
1997-09-16,6.9122233390808105,6.95924526655755,6.77115755665059,6.9122233390808105,31550
1997-09-17,6.77115535736084,6.865199181768629,6.77115535736084,6.77115535736084,11500
1997-09-18,6.77115535736084,6.865199181768629,6.677111532953051,6.865199181768629,6000
1997-09-19,6.77115535736084,6.77115535736084,6.677111532953051,6.77115535736084,35200
1997-09-22,6.724135398864746,6.724135398864746,6.583069621266185,6.67711347299856,7200
1997-09-23,6.77115535736084,6.77115535736084,6.724133445156945,6.724133445156945,4950
1997-09-24,6.77115535736084,6.77115535736084,6.536045796341366,6.724133445156945,13900
1997-09-25,6.77115535736084,6.77115535736084,6.630089620749155,6.77115535736084,12450
1997-09-26,6.67711067199707,6.7711544842787195,6.67711067199707,6.724132578137895,9450
1997-09-29,6.724135398864746,6.724135398864746,6.583069621266185,6.67711347299856,10350
1997-09-30,6.9122233390808105,6.9122233390808105,6.67711370169711,6.67711370169711,14350
1997-10-01,6.536046981811523,6.677112744008895,6.536046981811524,6.677112744008895,31850
1997-10-02,6.67711067199707,6.67711067199707,6.489023047433772,6.630088765856246,10300
1997-10-03,6.630091667175293,6.630091667175293,6.489025887022628,6.536047813740183,11100
1997-10-06,6.536046981811523,6.536046981811524,6.2068935366843245,6.44200314034661,107950
1997-10-07,6.253914833068848,6.347958665145071,6.1598710009926245,6.347958665145071,73950
1997-10-08,6.300937175750732,6.394981014194773,6.300937175750732,6.394981014194773,15100
1997-10-09,6.347958564758301,6.442002395347313,6.300936649463795,6.442002395347313,19550
1997-10-10,6.489023208618164,6.536045115926991,6.347957486691683,6.536045115926991,14950
1997-10-13,6.489023208618164,6.489023208618164,6.300935579382855,6.442001301309337,6800
1997-10-14,6.347958564758301,6.489024310641819,6.347958564758301,6.442002395347313,4750
1997-10-15,6.300937175750732,6.394981014194773,6.253915256528712,6.300937175750732,21200
1997-10-16,6.300937175750732,6.347959094972753,6.159871418084671,6.300937175750732,106650
1997-10-17,6.347958564758301,6.5830681412308305,6.300936649463795,6.300936649463795,6350
1997-10-20,6.206892013549805,6.206892013549805,6.018804376775568,6.159870104356246,15550
1997-10-21,6.065825939178467,6.065825939178467,5.924760219662689,6.0188040326732075,13900
1997-10-22,5.924760818481445,5.924760818481445,5.7366731734502885,5.924760818481445,46750
1997-10-23,5.642630577087402,5.689652498563131,5.313477126757304,5.313477126757304,44600
1997-10-24,5.689651012420654,5.689651012420654,5.501563375646418,5.5485852848399775,29000
1997-10-27,5.360499382019043,5.50156515523007,5.219433608808015,5.50156515523007,17800
1997-10-28,5.924760818481445,5.924760818481445,4.890278770810082,4.937300682067871,61400
1997-10-29,5.548584461212158,5.689650167853145,5.454540656784833,5.501562558998495,17100
1997-10-30,5.266453742980957,5.454541376658849,5.266453742980957,5.407519468239376,73900
1997-10-31,5.595607757568359,5.642629671497505,5.501563929710068,5.642629671497505,33700
1997-11-03,6.065825939178467,6.2068916586942455,6.0188040326732075,6.2068916586942455,49650
1997-11-04,6.018804550170898,6.065826460719109,5.924760729074478,6.018804550170898,11100
1997-11-05,6.112849235534668,6.112849235534668,6.018805401141827,6.065827318338247,47850
1997-11-06,5.877739429473877,6.112849006652833,5.877739429473877,6.112849006652833,56950
1997-11-07,5.830716609954834,5.8777385180996315,5.642628977375646,5.830716609954834,24150
1997-11-10,5.7366743087768555,5.7366743087768555,5.548586626521877,5.642630467649366,10700
1997-11-11,5.7366743087768555,5.783696229340601,5.689652388213111,5.783696229340601,6200
1997-11-12,5.454542636871338,5.689652233288206,5.454542636871338,5.642630314004832,10600
1997-11-13,5.689651012420654,5.689651012420654,5.595607194033536,5.689651012420654,5750
1997-11-14,5.595607757568359,5.689651585426651,5.595607757568359,5.642629671497505,9400
1997-11-17,5.877739429473877,5.877739429473877,5.689651767730713,5.830717514038087,13500
1997-11-18,5.7366743087768555,5.7366743087768555,5.642630467649366,5.7366743087768555,11300
1997-11-19,5.548584461212158,5.548584461212158,5.407518754571171,5.454540656784833,15450
1997-11-20,5.454542636871338,5.548586475438086,5.407520717587965,5.548586475438086,11800
1997-11-21,5.689651012420654,5.689651012420654,5.454541466452858,5.454541466452858,40000
1997-11-24,5.454542636871338,5.642630314004832,5.407520717587965,5.5956083947214585,52900
1997-11-25,5.595607757568359,5.595607757568359,5.36049818792263,5.36049818792263,5400
1997-11-26,5.642630577087402,5.689652498563131,5.548586734135946,5.642630577087402,36050
1997-11-28,5.548584461212158,5.689650167853145,5.501562558998495,5.689650167853145,20300
1997-12-01,5.7366743087768555,5.7366743087768555,5.501564705958132,5.501564705958132,15550
1997-12-02,5.830716609954834,5.830716609954834,5.642628977375646,5.689650885520443,30550
1997-12-03,5.783695220947266,5.783695220947266,5.736673308581841,5.783695220947266,25600
1997-12-04,5.7366743087768555,5.830718149904345,5.642630467649366,5.830718149904345,40150
1997-12-05,5.877739429473877,5.924761344909668,5.736673683166504,5.830717514038087,29400
1997-12-08,6.206892013549805,6.206892013549805,6.018804376775568,6.065826285969128,24650
1997-12-09,5.877739429473877,6.01880517578125,5.877739429473877,6.01880517578125,33300
1997-12-10,5.877739429473877,5.877739429473877,5.689651767730713,5.736673683166504,31500
1997-12-11,5.407520294189453,5.548586040994395,5.313476462986158,5.501564125392748,40400
1997-12-12,5.407520294189453,5.407520294189453,5.266454547384511,5.266454547384511,19600
1997-12-15,5.219433784484863,5.219433784484863,5.031346080539462,5.1724118584985135,33100
1997-12-16,5.17241096496582,5.17241096496582,4.984323293512517,5.078367129239169,78550
1997-12-17,5.078368663787842,5.266456392076281,5.078368663787842,5.078368663787842,25100
1997-12-18,5.17241096496582,5.266454800692471,5.17241096496582,5.219432882829146,21300
1997-12-19,5.078368663787842,5.21943446000417,5.0313467317157325,5.078368663787842,94500
1997-12-22,5.078368663787842,5.266456392076281,5.078368663787842,5.266456392076281,9650
1997-12-23,5.1800856590271,5.274269034645775,5.0859022834084255,5.274269034645775,11150
1997-12-24,5.227176666259766,5.274268347937781,5.132993302903733,5.274268347937781,8700
1997-12-26,4.99171781539917,5.132992847910468,4.944626137895405,5.085901170406702,15550
1997-12-29,4.99171781539917,5.085901170406702,4.897534460391639,5.085901170406702,38800
1997-12-30,4.944626808166504,4.991718492053804,4.897535124279203,4.991718492053804,27700
1997-12-31,4.99171781539917,4.99171781539917,4.897534460391639,4.944626137895405,21350
1998-01-02,5.085902214050293,5.180085588384558,4.991718839716028,4.991718839716028,36850
1998-01-05,5.085902214050293,5.132993901217425,5.085902214050293,5.085902214050293,46750
1998-01-06,4.850442886352539,4.897534564860816,4.756259529335985,4.850442886352539,52450
1998-01-07,4.520802021026611,4.7091687719027195,4.473710333307584,4.7091687719027195,134000
1998-01-08,4.002792835235596,4.285342917722814,4.002792835235596,4.238251237308278,169450
1998-01-09,3.7673346996307373,3.955701434612274,3.7673346996307373,3.8615180671215055,164900
1998-01-12,3.7673346996307373,4.002793118357658,3.5789679646492005,3.6731513321399687,257100
1998-01-13,3.908609390258789,4.144067787262331,3.814426031457373,4.0969761078616225,121950
1998-01-14,4.238250732421875,4.285342407226563,4.049884033203125,4.285342407226563,228100
1998-01-15,4.144068241119385,4.332434979352084,3.861518133770336,4.191159925677559,161100
1998-01-16,4.285343647003174,4.285343647003174,4.144068581717355,4.144068581717355,249700
1998-01-20,4.473709583282471,4.567892942930523,4.285342863986366,4.332434543810392,183000
1998-01-21,4.42661714553833,4.520800489060423,4.332433802016238,4.473708817299377,41400
1998-01-22,4.285343647003174,4.285343647003174,4.0969768932887485,4.191160270145961,89350
1998-01-23,4.04988431930542,4.238251031831253,4.04988431930542,4.191159353699795,238250
1998-01-26,4.096976280212402,4.285343005739409,4.04988459883065,4.04988459883065,76300
1998-01-27,4.42661714553833,4.473708817299377,4.1911587867331,4.332433802016238,56950
1998-01-28,4.473709583282471,4.567892942930523,4.332434543810392,4.520801263106496,165000
1998-01-29,4.42661714553833,4.567892160821469,4.42661714553833,4.520800489060423,97950
1998-01-30,4.520802021026611,4.662077084183693,4.426618645588556,4.614985396464665,399700
1998-02-02,5.227176666259766,5.368451711293813,5.0388099395477015,5.368451711293813,419450
1998-02-03,5.085902214050293,5.085902214050293,4.897535465381764,4.991718839716028,207650
1998-02-04,4.897533893585205,5.085900581800021,4.850442221531502,4.944625565638909,135000
1998-02-05,5.038808345794678,5.180083346144062,4.99171667901155,5.180083346144062,127000
1998-02-06,5.368453025817871,5.368453025817871,5.180086252982156,5.227177946191085,201550
1998-02-09,5.1800856590271,5.368452410264449,5.0859022834084255,5.274269034645775,119200
1998-02-10,5.227176666259766,5.368451711293813,5.085901621225718,5.368451711293813,125900
1998-02-11,5.1800856590271,5.368452410264449,5.132993971217762,5.368452410264449,74800
1998-02-12,4.99171781539917,4.99171781539917,4.803351105384107,4.944626137895405,81750
1998-02-13,4.850442886352539,5.0388096003856475,4.709167850827708,4.850442886352539,85250
1998-02-17,4.944626808166504,4.944626808166504,4.803351756504603,4.897535124279203,66650
1998-02-18,4.99171781539917,5.132992847910468,4.99171781539917,5.085901170406702,40350
1998-02-19,5.1800856590271,5.274269034645775,5.0859022834084255,5.227177346836437,81350
1998-02-20,5.038808345794678,5.227175012927189,5.038808345794678,5.227175012927189,39900
1998-02-23,5.085902214050293,5.22717727555169,5.038810526883161,5.22717727555169,90550
1998-02-24,5.132992744445801,5.180084421000349,4.944626038227606,5.180084421000349,66050
1998-02-25,5.1800856590271,5.1800856590271,5.038810595599088,5.1800856590271,38950
1998-02-26,5.274267196655273,5.321358868053981,5.0859005110604425,5.0859005110604425,42150
1998-02-27,5.1800856590271,5.368452410264449,5.1800856590271,5.368452410264449,59750
1998-03-02,5.321361541748047,5.462636626927198,5.227178151628612,5.2742698466883295,52300
1998-03-03,5.227176666259766,5.274268347937781,5.085901621225718,5.227176666259766,47250
1998-03-04,5.038808345794678,5.180083346144062,4.99171667901155,5.085900012577806,73750
1998-03-05,4.897533893585205,4.991717237692613,4.897533893585205,4.944625565638909,130600
1998-03-06,5.038808345794678,5.038808345794678,4.803350011879039,4.897533345445295,177350
1998-03-09,4.850442886352539,4.944626243369093,4.709167850827708,4.803351207844262,76700
1998-03-10,4.850442886352539,4.944626243369093,4.756259529335985,4.897534564860816,50000
1998-03-11,4.944626808166504,4.991718492053804,4.897535124279203,4.944626808166504,44650
1998-03-12,4.944626808166504,5.038810175941103,4.944626808166504,5.038810175941103,88400
1998-03-13,5.085902214050293,5.180085588384558,4.991718839716028,5.132993901217425,25850
1998-03-16,5.038808345794678,5.180083346144062,4.944625012228422,5.180083346144062,61800
1998-03-17,5.038808345794678,5.180083346144062,4.99171667901155,4.99171667901155,35300
1998-03-18,5.132992744445801,5.2271760975548975,5.038809391336703,5.038809391336703,98650
1998-03-19,5.509729385375977,5.5568210895244885,5.321362568781926,5.321362568781926,105800
1998-03-20,5.509729385375977,5.509729385375977,5.415545977078951,5.415545977078951,55900
1998-03-23,5.556817054748535,5.603908724704032,5.509725384793039,5.556817054748535,38550
1998-03-24,5.415544033050537,5.509727407538373,5.415544033050537,5.509727407538373,118100
1998-03-25,5.462635040283203,5.556818403046707,5.415543358901451,5.462635040283203,67350
1998-03-26,5.462635040283203,5.462635040283203,5.321359996137948,5.321359996137948,27000
1998-03-27,5.462635040283203,5.556818403046707,5.462635040283203,5.509726721664955,28350
1998-03-30,5.415544033050537,5.462635720294455,5.274268971318784,5.415544033050537,38000
1998-03-31,5.274267196655273,5.415542210851397,5.227175525256565,5.321358868053981,83450
1998-04-01,5.132992744445801,5.274267774109447,4.991717714782155,5.180084421000349,96350
1998-04-02,5.085902214050293,5.085902214050293,4.991718839716028,5.085902214050293,55000
1998-04-03,4.944626808166504,5.1329935437157035,4.944626808166504,5.038810175941103,94800
1998-04-06,5.038808345794678,5.180083346144062,4.99171667901155,5.180083346144062,102250
1998-04-07,4.897533893585205,5.085900581800021,4.897533893585205,5.085900581800021,66400
1998-04-08,5.085902214050293,5.085902214050293,4.897535465381764,5.038810526883161,49800
1998-04-09,5.1800856590271,5.227177346836437,5.038810595599088,5.1800856590271,90800
1998-04-13,5.1800856590271,5.274269034645775,5.0859022834084255,5.274269034645775,35000
1998-04-14,5.085902214050293,5.085902214050293,4.944627152548896,5.085902214050293,53600
1998-04-15,4.897533893585205,5.038808909746317,4.897533893585205,5.038808909746317,58450
1998-04-16,4.756258487701416,4.991716828676734,4.614983483116226,4.991716828676734,91700
1998-04-17,4.803351879119873,4.897535249298694,4.614985138762231,4.850443564209284,77450
1998-04-20,4.803351879119873,4.944626934388105,4.756260194030463,4.850443564209284,112850
1998-04-21,4.803351879119873,4.850443564209284,4.756260194030463,4.803351879119873,44400
1998-04-22,4.709166049957275,4.803349370956421,4.662074389457702,4.803349370956421,58500
1998-04-23,4.756258487701416,4.80335015589648,4.709166819506352,4.709166819506352,30750
1998-04-24,4.756258487701416,4.80335015589648,4.709166819506352,4.709166819506352,37600
1998-04-27,4.520802021026611,4.662077084183693,4.473710333307584,4.614985396464665,156400
1998-04-28,4.614983081817627,4.756258074118167,4.614983081817627,4.614983081817627,28900
1998-04-29,4.709166049957275,4.897532691955567,4.662074389457702,4.897532691955567,32550
1998-04-30,4.756258487701416,4.850441824091543,4.709166819506352,4.709166819506352,14050
1998-05-01,4.850442886352539,4.897534564860816,4.803351207844262,4.897534564860816,23950
1998-05-04,4.709166049957275,4.850441031455993,4.662074389457702,4.803349370956421,47850
1998-05-05,4.614983081817627,4.709166410017987,4.5207997536172675,4.662074745917807,40350
1998-05-06,4.379526615142822,4.614985035311792,4.238251563041441,4.5208016672442035,128650
1998-05-07,4.42661714553833,4.473708817299377,4.285342130255192,4.42661714553833,58450
1998-05-08,4.379526615142822,4.426618299176616,4.285343247075235,4.426618299176616,37550
1998-05-11,4.379526615142822,4.567893351277998,4.332434931109028,4.567893351277998,15100
1998-05-12,4.238250732421875,4.379525756835937,4.191159057617187,4.3324340820312495,69600
1998-05-13,4.144068241119385,4.144068241119385,4.00279318744486,4.144068241119385,103450
1998-05-14,4.096976280212402,4.144067961594154,3.955701236067147,4.04988459883065,117000
1998-05-15,4.191160202026367,4.238251889689584,4.049885139036714,4.096976826699931,44900
1998-05-18,4.04988431930542,4.144067675568337,3.955700963042503,4.04988431930542,134000
1998-05-19,4.04988431930542,4.191159353699795,3.861517606779586,3.861517606779586,96900
1998-05-20,4.144068241119385,4.191159925677559,4.09697655656121,4.191159925677559,24200
1998-05-21,4.332434177398682,4.332434177398682,4.238250825716102,4.285342501557391,103550
1998-05-22,4.285343647003174,4.3324353354317795,4.191160270145961,4.285343647003174,20350
1998-05-26,4.002792835235596,4.238251237308278,4.002792835235596,4.191159556893742,74850
1998-05-27,3.9557013511657715,4.049884716669719,3.9086096684137983,4.049884716669719,48700
1998-05-28,3.861518621444702,3.9557020024555483,3.7673352404338556,3.861518621444702,89550
1998-05-29,3.861518621444702,3.908610311950125,3.7673352404338556,3.908610311950125,24650
1998-06-01,3.7673346996307373,3.7673346996307373,3.720243015885353,3.7673346996307373,52500
1998-06-02,3.7673346996307373,3.8615180671215055,3.6731513321399687,3.8615180671215055,37500
1998-06-03,3.861518621444702,3.861518621444702,3.7673352404338556,3.861518621444702,119400
1998-06-04,3.7673346996307373,3.8144263833761216,3.6731513321399687,3.7673346996307373,55950
1998-06-05,3.6731512546539307,3.767334620157878,3.6260595719019575,3.6731512546539307,78300
1998-06-08,3.4847850799560547,3.5789684604954073,3.437693389686378,3.5789684604954073,126550
1998-06-09,3.4847850799560547,3.5318767702257308,3.437693389686378,3.437693389686378,47450
1998-06-10,3.343508720397949,3.4376920646345113,3.296417048279668,3.3906003925162302,216150
1998-06-11,3.2964165210723877,3.4847831794193813,3.202233191898891,3.202233191898891,89500
1998-06-12,3.2964165210723877,3.3435081856591364,3.108049862725394,3.202233191898891,44100
1998-06-15,3.108050584793091,3.202233935847427,3.060958909265923,3.108050584793091,93850
1998-06-16,3.2022335529327393,3.2022335529327393,3.0138668733484604,3.2022335529327393,51550
1998-06-17,3.578967332839966,3.6731506837041756,3.3906006311115466,3.3906006311115466,132550
1998-06-18,3.4847850799560547,3.626060150765084,3.437693389686378,3.626060150765084,59950
1998-06-19,3.6260597705841064,3.6731514559163676,3.484784714587323,3.6731514559163676,28300
1998-06-22,3.4847850799560547,3.5789684604954073,3.3906016994167016,3.4847850799560547,58400
1998-06-23,3.390601396560669,3.484784768687354,3.296418024433984,3.4376930826240115,35100
1998-06-24,3.390601396560669,3.390601396560669,3.296418024433984,3.390601396560669,30400
1998-06-25,3.2964165210723877,3.4847831794193813,3.2964165210723877,3.3905998502458847,40800
1998-06-26,3.531877040863037,3.531877040863037,3.343510265350342,3.531877040863037,35300
1998-06-29,3.2964165210723877,3.3435081856591364,3.2493248564856394,3.2493248564856394,48650
1998-06-30,3.343508720397949,3.4376920646345113,3.296417048279668,3.3906003925162302,55700
1998-07-01,3.578967332839966,3.7202423591362805,3.5318756574078614,3.7202423591362805,127200
1998-07-02,3.578967332839966,3.7202423591362805,3.5318756574078614,3.7202423591362805,37350
1998-07-06,3.531877040863037,3.6731521224975587,3.4847853469848635,3.6260604286193847,32100
1998-07-07,3.578967332839966,3.5789673328399663,3.4376923065436515,3.4847839819757565,37350
1998-07-08,3.4847850799560547,3.626060150765084,3.437693389686378,3.626060150765084,46750
1998-07-09,3.4847850799560547,3.5318767702257308,3.2964183188773486,3.3906016994167016,52900
1998-07-10,3.2964165210723877,3.3905998502458847,3.2964165210723877,3.3435081856591364,42800
1998-07-13,3.2964165210723877,3.3905998502458847,3.2493248564856394,3.2964165210723877,73250
1998-07-14,3.4847850799560547,3.5318767702257308,3.2964183188773486,3.343510009147025,79050
1998-07-15,3.437692880630493,3.5318762472231096,3.390601197334185,3.484784563926801,59750
1998-07-16,3.531877040863037,3.6260604286193847,3.531877040863037,3.531877040863037,179050
1998-07-17,3.578967332839966,3.6731506837041756,3.4847839819757565,3.6731506837041756,75250
1998-07-20,3.578967332839966,3.7202423591362805,3.5789673328399663,3.5789673328399663,58600
1998-07-21,3.4847850799560547,3.5789684604954073,3.437693389686378,3.5318767702257308,91500
1998-07-22,3.390601396560669,3.5318764547506967,3.390601396560669,3.4376930826240115,46500
1998-07-23,3.2964165210723877,3.4847831794193813,3.2964165210723877,3.437691514832633,34750
1998-07-24,3.437692880630493,3.484784563926801,3.3435095140378768,3.390601197334185,43300
1998-07-27,3.4847850799560547,3.4847850799560547,3.343510009147025,3.437693389686378,27100
1998-07-28,3.390601396560669,3.4376930826240115,3.3435097104973264,3.390601396560669,21450
1998-07-29,3.343508720397949,3.3906003925162302,3.249325376161387,3.343508720397949,21550
1998-07-30,3.390601396560669,3.390601396560669,3.249326338370641,3.249326338370641,28800
1998-07-31,3.343508720397949,3.3906003925162302,3.2022337040431066,3.3906003925162302,43450
1998-08-03,3.249325752258301,3.3435091073962226,3.249325752258301,3.3435091073962226,36550
1998-08-04,3.249325752258301,3.4376924625341445,3.2022340746893403,3.4376924625341445,29350
1998-08-05,3.249325752258301,3.3435091073962226,3.2022340746893403,3.2022340746893403,20300
1998-08-06,3.390601396560669,3.390601396560669,3.249326338370641,3.390601396560669,26550
1998-08-07,3.2022335529327393,3.3435085626209484,3.2022335529327393,3.2022335529327393,61100
1998-08-10,3.2022335529327393,3.2022335529327393,3.1080502131406,3.1551418830366695,36500
1998-08-11,3.0138678550720215,3.060959540307522,2.966776169836521,3.0138678550720215,70200
1998-08-12,3.060959577560425,3.1080512633690467,3.013867891751803,3.060959577560425,41750
1998-08-13,2.9196839332580566,3.0138672859438005,2.9196839332580566,3.0138672859438005,40650
1998-08-14,2.966775894165039,3.0138675750248014,2.9196842133052763,3.0138675750248014,37600
1998-08-17,2.9196839332580566,2.9667756096009286,2.778408904229441,2.825500580572313,45900
1998-08-18,2.9196839332580566,2.9667756096009286,2.825500580572313,2.9667756096009286,24500
1998-08-19,2.966775894165039,3.0609592558845637,2.872592532445514,2.966775894165039,97250
1998-08-20,2.9196839332580566,3.0138672859438005,2.825500580572313,3.0138672859438005,80450
1998-08-21,2.7784085273742676,2.919683537240756,2.7313168574187716,2.919683537240756,41850
1998-08-24,2.6842265129089355,2.731318206117864,2.6842265129089355,2.731318206117864,34900
1998-08-25,2.68001389503479,2.8235860679830824,2.5842991130692616,2.8235860679830824,149950
1998-08-26,2.7278711795806885,2.775728568696139,2.6321564013497873,2.775728568696139,33850
1998-08-27,2.7278711795806885,2.775728568696139,2.584299012234337,2.680013790465238,96550
1998-08-28,2.68001389503479,2.775728677000318,2.5842991130692616,2.68001389503479,197300
1998-08-31,2.440727472305298,2.7278718808118034,2.345012669469796,2.5842996765585506,171250
1998-09-01,2.5842998027801514,2.6321572065353394,2.3450127840042114,2.3928701877593994,177650
1998-09-02,2.536442756652832,2.5843001671557158,2.3450131146412976,2.3450131146412976,29600
1998-09-03,2.392869472503662,2.584299030303955,2.345012083053589,2.488584251403809,53150
1998-09-04,2.488584280014038,2.536441670014308,2.3928695000134983,2.536441670014308,25050
1998-09-08,2.871443271636963,2.871443271636963,2.5842989444732662,2.6800137201944985,57550
1998-09-09,2.7278711795806885,2.82358595781159,2.6321564013497873,2.82358595781159,31850
1998-09-10,2.5842998027801514,2.6800146102905273,2.4407275915145874,2.5842998027801514,212900
1998-09-11,2.5842998027801514,2.6800146102905273,2.5364423990249634,2.6321572065353394,40600
1998-09-14,2.775728940963745,2.823586336497603,2.6321567543621724,2.6321567543621724,54150
1998-09-15,2.871443271636963,2.9193006594975786,2.7757284959157307,2.871443271636963,114200
1998-09-16,3.0150156021118164,3.0150156021118164,2.871443430582682,2.871443430582682,22350
1998-09-17,2.775728940963745,3.0150159186330336,2.775728940963745,2.8714437320314605,31600
1998-09-18,2.7278711795806885,2.775728568696139,2.680013790465238,2.7278711795806885,26850
1998-09-21,2.7278711795806885,2.7278711795806885,2.680013790465238,2.7278711795806885,7100
1998-09-22,2.7278711795806885,2.8714433469270406,2.7278711795806885,2.8714433469270406,8750
1998-09-23,2.871443271636963,2.9193006594975786,2.6800137201944985,2.7278711080551146,23950
1998-09-24,2.8235867023468018,2.9671589075508766,2.7757293006121104,2.8235867023468018,20950
1998-09-25,2.8235867023468018,2.8714441040814935,2.8235867023468018,2.8714441040814935,18050
1998-09-28,2.871443271636963,2.9671580473581947,2.871443271636963,2.871443271636963,12900
1998-09-29,2.967158079147339,3.015015467520683,2.8714433024006505,2.967158079147339,42750
1998-09-30,2.871443271636963,2.9671580473581947,2.7757284959157307,2.871443271636963,12450
1998-10-01,2.7278711795806885,2.8714433469270406,2.680013790465238,2.775728568696139,41750
1998-10-02,2.8235867023468018,2.8714441040814935,2.7278718988774187,2.7278718988774187,14450
1998-10-05,2.775728940963745,2.823586336497603,2.6800141498960297,2.775728940963745,25500
1998-10-06,2.871443271636963,2.9671580473581947,2.7757284959157307,2.7757284959157307,32850
1998-10-07,2.9193015098571777,3.0628737152599896,2.775729304454366,2.9193015098571777,83600
1998-10-08,3.0628740787506104,3.158588893711567,2.9193018563091755,3.0628740787506104,71300
1998-10-09,3.254303216934204,3.3021606171832367,3.015016215689042,3.0628736159380745,57150
1998-10-12,3.493590831756592,3.5893056490649915,3.350018605793992,3.5893056490649915,78050
1998-10-13,3.302159070968628,3.4457312044890034,3.254301693128503,3.4457312044890034,60900
1998-10-14,3.302159070968628,3.3978738266488784,3.062872181768003,3.3500164488087534,74600
1998-10-15,3.685020923614502,3.6850209236145015,3.397876436060125,3.397876436060125,63350
1998-10-16,3.82859206199646,3.8764494627714154,3.6371624588966367,3.780734661221504,80100
1998-10-19,3.8764495849609375,3.876449584960938,3.685019975827064,3.828592182677469,47400
1998-10-20,3.732876777648926,3.828591566819411,3.685019383063683,3.828591566819411,25950
1998-10-21,3.82859206199646,3.8764494627714154,3.732877260446548,3.82859206199646,40250
1998-10-22,3.82859206199646,3.8764494627714154,3.6371624588966367,3.82859206199646,43800
1998-10-23,3.7807352542877197,3.828592662569843,3.685020437723474,3.732877846005597,14300
1998-10-26,3.685020923614502,3.82859316739169,3.6850209236145015,3.6850209236145015,10400
1998-10-27,3.82859206199646,3.9243068635463714,3.780734661221504,3.82859206199646,29000
1998-10-28,3.8764495849609375,3.9243069872444063,3.828592182677469,3.876449584960938,12050
1998-10-29,4.020021438598633,4.020021438598633,3.9243066424415223,3.9243066424415223,48850
1998-10-30,4.020021438598633,4.067878836677187,3.8764492443629672,4.067878836677187,44000
1998-11-02,4.259307861328125,4.307165253028441,4.067878294526861,4.115735686227177,70800
1998-11-03,4.259307861328125,4.355022644728757,4.211450469627809,4.307165253028441,96650
1998-11-04,4.355024337768555,4.498596568684001,4.307166927463405,4.450739158378853,271800
1998-11-05,4.49859619140625,4.546453597697806,4.307166566240027,4.49859619140625,55550
1998-11-06,4.211451053619385,4.402880646965721,4.163593655282801,4.307165850292552,51100
1998-11-09,4.0678791999816895,4.211451407039867,4.020021797628964,4.211451407039867,222600
1998-11-10,3.924306631088257,3.9721640290283577,3.8285918352080555,3.924306631088257,83450
1998-11-11,4.211451053619385,4.2593084519559685,4.020021460273049,4.2593084519559685,47400
1998-11-12,4.020021438598633,4.115736234755743,3.9243066424415223,4.067878836677187,51650
1998-11-13,4.0678791999816895,4.115736602334415,3.9243069929235124,4.115736602334415,45100
1998-11-16,4.307164192199707,4.355021572113037,4.163592052459717,4.307164192199707,119350
1998-11-17,4.307164192199707,4.402878952026367,4.163592052459717,4.211449432373047,72650
1998-11-18,4.402880668640137,4.402880668640137,4.25930847292361,4.25930847292361,37350
1998-11-19,4.642166614532471,4.642166614532471,4.498594451196415,4.5464518389751,65050
1998-11-20,4.690025806427002,4.785740618803063,4.59431099405094,4.690025806427002,91200
1998-11-23,4.833596229553223,4.881453617964641,4.642166675907551,4.7857388411418045,254450
1998-11-24,4.737883567810059,4.929313206913496,4.6900261580341995,4.881455797137637,94200
1998-11-25,4.690025806427002,4.785740618803063,4.59431099405094,4.642168400238972,56450
1998-11-27,4.642166614532471,4.785738777868526,4.5943092267537855,4.785738777868526,21450
1998-11-30,4.546452045440674,4.642166825344688,4.498594655488667,4.642166825344688,36900
1998-12-01,4.49859619140625,4.49859619140625,4.307166566240027,4.307166566240027,36900
1998-12-02,4.450737953186035,4.594310145224294,4.450737953186035,4.594310145224294,32950
1998-12-03,4.49859619140625,4.546453597697806,4.4507387851146945,4.49859619140625,54050
1998-12-04,4.594310760498047,4.594310760498047,4.498595952987671,4.594310760498047,21150
1998-12-07,4.642166614532471,4.642166614532471,4.498594451196415,4.5943092267537855,47850
1998-12-08,4.642166614532471,4.690024002311156,4.5464518389751,4.690024002311156,24250
1998-12-09,4.690025806427002,4.785740618803063,4.59431099405094,4.737883212615032,36600
1998-12-10,4.737883567810059,4.833598387361777,4.6900261580341995,4.785740977585918,43400
1998-12-11,4.594310760498047,4.690025568008423,4.594310760498047,4.594310760498047,34900
1998-12-14,4.49859619140625,4.6421684102809175,4.49859619140625,4.49859619140625,28150
1998-12-15,4.642166614532471,4.690024002311156,4.5943092267537855,4.5943092267537855,65400
1998-12-16,4.642166614532471,4.690024002311156,4.498594451196415,4.498594451196415,47950
1998-12-17,4.594310760498047,4.642168164253235,4.546453356742859,4.546453356742859,20150
1998-12-18,4.833596229553223,4.833596229553223,4.737881452730386,4.7857388411418045,44950
1998-12-21,4.833596229553223,4.881453617964641,4.690024064318968,4.7857388411418045,59100
1998-12-22,4.833982944488525,4.930662603378296,4.78564311504364,4.930662603378296,33200
1998-12-23,4.785643577575684,4.83398341169261,4.7373037434587575,4.83398341169261,13700
1998-12-24,4.640625,4.7373046875,4.640625,4.7373046875,20900
1998-12-28,4.59228515625,4.68896484375,4.59228515625,4.59228515625,34450
1998-12-29,4.688963890075684,4.785643557912295,4.640624056157377,4.737303723993989,27450
1998-12-30,4.688963890075684,4.833983391830602,4.688963890075684,4.833983391830602,35600
1998-12-31,4.737304210662842,4.833983888431471,4.688964371778527,4.833983888431471,26650
1999-01-04,4.737304210662842,4.882323727315786,4.688964371778527,4.688964371778527,43450
1999-01-05,4.688963890075684,4.785643557912295,4.640624056157377,4.737303723993989,60350
1999-01-06,4.930663108825684,4.979002943225936,4.737303771224677,4.833983440025181,183300
1999-01-07,5.027343273162842,5.075683112327869,4.9306635948327875,5.027343273162842,68900
1999-01-08,5.1240234375,5.1240234375,5.02734375,5.1240234375,106450
1999-01-11,5.075682163238525,5.1240219933646065,4.979002502986363,5.075682163238525,49350
1999-01-12,4.979003429412842,5.075683107653868,4.930663590292329,5.027343268533355,26850
1999-01-13,4.737304210662842,4.785644049547157,4.640624532894213,4.640624532894213,60300
1999-01-14,4.640625,4.9306640625,4.640625,4.640625,58500
1999-01-15,5.075682163238525,5.172361823490688,4.83398301260812,4.83398301260812,69100
1999-01-19,5.1240234375,5.220703125,4.97900390625,5.17236328125,30250
1999-01-20,5.1240234375,5.220703125,5.02734375,5.02734375,37650
1999-01-21,4.882322311401367,5.027341785997447,4.833982486536007,5.027341785997447,55000
1999-01-22,4.882322311401367,4.979001961132087,4.833982486536007,4.979001961132087,22050
1999-01-25,4.640625,4.640625,4.49560546875,4.640625,33900
1999-01-26,4.640625,4.640625,4.49560546875,4.49560546875,25350
1999-01-27,4.688963890075684,4.833983391830602,4.640624056157377,4.833983391830602,48650
1999-01-28,4.640625,4.68896484375,4.5439453125,4.68896484375,23300
1999-01-29,4.640625,4.68896484375,4.59228515625,4.640625,13100
1999-02-01,4.495604515075684,4.640624015561996,4.495604515075684,4.543944348571121,14050
1999-02-02,4.3505859375,4.447265625,4.3505859375,4.39892578125,29300
1999-02-03,4.302245616912842,4.3989252936974,4.253905778520563,4.350585455305121,52000
1999-02-04,4.302245616912842,4.447265132089679,4.253905778520563,4.302245616912842,28050
1999-02-05,4.25390625,4.30224609375,4.20556640625,4.25390625,33400
1999-02-08,4.302245616912842,4.350585455305121,4.253905778520563,4.253905778520563,90000
1999-02-09,4.108886241912842,4.253905756333295,4.108886241912842,4.205565918193144,109750
1999-02-10,4.108886241912842,4.205565918193144,4.06054640377269,4.06054640377269,27500
1999-02-11,4.302245616912842,4.350585455305121,4.253905778520563,4.350585455305121,18750
1999-02-12,4.205565929412842,4.350585444220181,4.205565929412842,4.350585444220181,39400
1999-02-16,4.205565929412842,4.350585444220181,4.205565929412842,4.302245605951068,51200
1999-02-17,4.302245616912842,4.302245616912842,4.157226101736004,4.157226101736004,26000
1999-02-18,4.205565929412842,4.253905767681955,4.205565929412842,4.253905767681955,17700
1999-02-19,4.302245616912842,4.302245616912842,4.253905778520563,4.253905778520563,12600
1999-02-22,4.398925304412842,4.398925304412842,4.30224562739278,4.35058546590281,38150
1999-02-23,4.3505859375,4.447265625,4.30224609375,4.30224609375,17700
1999-02-24,4.398925304412842,4.5439448199429355,4.398925304412842,4.447265142922873,36400
1999-02-25,4.398925304412842,4.398925304412842,4.30224562739278,4.398925304412842,33250
1999-02-26,4.495604515075684,4.495604515075684,4.350585014589371,4.398924848084809,32850
1999-03-01,4.447264671325684,4.447264671325684,4.302245171173759,4.398924837941709,17350
1999-03-02,4.25390625,4.447265625,4.25390625,4.3505859375,66800
1999-03-03,4.447264671325684,4.495604504709658,4.350585004557734,4.495604504709658,30950
1999-03-04,4.495604515075684,4.5922841820665585,4.447264681580246,4.495604515075684,24400
1999-03-05,4.59228515625,4.59228515625,4.447265625,4.59228515625,30450
1999-03-08,4.447264671325684,4.543944338093634,4.398924837941709,4.447264671325684,27050
1999-03-09,4.59228515625,4.59228515625,4.447265625,4.59228515625,64000
1999-03-10,4.688963890075684,4.737303723993989,4.592284222239071,4.592284222239071,59250
1999-03-11,4.640625,4.7373046875,4.640625,4.68896484375,53300
1999-03-12,4.640625,4.68896484375,4.640625,4.68896484375,41300
1999-03-15,4.737304210662842,4.833983888431471,4.737304210662842,4.737304210662842,49000
1999-03-16,4.688963890075684,4.737303723993989,4.640624056157377,4.688963890075684,19650
1999-03-17,4.59228515625,4.7373046875,4.5439453125,4.59228515625,44450
1999-03-18,4.5439453125,4.640625,4.49560546875,4.59228515625,26550
1999-03-19,4.59228515625,4.68896484375,4.5439453125,4.640625,73800
1999-03-22,4.59228515625,4.68896484375,4.59228515625,4.68896484375,21250
1999-03-23,4.5439453125,4.5439453125,4.39892578125,4.447265625,49950
1999-03-24,4.495604515075684,4.5922841820665585,4.495604515075684,4.543944348571121,17000
1999-03-25,4.640625,4.7373046875,4.59228515625,4.640625,5900
1999-03-26,4.59228515625,4.68896484375,4.5439453125,4.68896484375,8300
1999-03-29,4.640625,4.68896484375,4.49560546875,4.640625,29700
1999-03-30,4.640625,4.640625,4.49560546875,4.640625,31800
1999-03-31,4.640625,4.78564453125,4.59228515625,4.7373046875,46100
1999-04-01,4.785643577575684,4.785643577575684,4.688963909341831,4.688963909341831,40550
1999-04-05,4.930663108825684,5.027342777626187,4.737303771224677,4.737303771224677,89650
1999-04-06,4.979003429412842,5.027343268533355,4.78564407293079,4.78564407293079,62950
1999-04-07,4.979003429412842,5.027343268533355,4.930663590292329,5.027343268533355,34700
1999-04-08,5.172361373901367,5.22070119982568,5.027341896128432,5.027341896128432,34550
1999-04-09,5.1240234375,5.220703125,5.07568359375,5.220703125,48450
1999-04-12,5.1240234375,5.26904296875,5.1240234375,5.26904296875,26150
1999-04-13,5.317381858825684,5.317381858825684,5.172362353584983,5.220702188665216,27200
1999-04-14,5.365720272064209,5.414060094335058,5.31738044979336,5.414060094335058,50050
1999-04-15,5.365720272064209,5.414060094335058,5.365720272064209,5.365720272064209,27600
1999-04-16,5.510741233825684,5.559081069210119,5.462401398441248,5.462401398441248,215400
1999-04-19,5.704100608825684,6.090819294169798,5.704100608825684,6.042479458501783,355600
1999-04-20,5.897459983825684,5.897459983825684,5.704100640093694,5.849120147892686,36000
1999-04-21,5.994141101837158,5.994141101837158,5.849121559050776,5.8974614066462365,61550
1999-04-22,6.090818881988525,6.1391587143852595,5.945799384798322,6.1391587143852595,64100
1999-04-23,6.090818881988525,6.090818881988525,5.849119720004853,5.994139217195056,73750
1999-04-26,6.042478084564209,6.139157733917236,5.994138259887696,6.090817909240723,89050
1999-04-27,6.090818881988525,6.187498546781994,6.04247904959179,6.1391587143852595,55950
1999-04-28,5.945800304412842,5.994140144286117,5.849120624666291,5.994140144286117,33100
1999-04-29,5.849120616912842,5.897460456722039,5.800780777103645,5.897460456722039,44450
1999-04-30,5.897459983825684,6.090819327557673,5.897459983825684,5.897459983825684,82300
1999-05-03,6.139159202575684,6.187499038816437,6.042479530094177,6.042479530094177,44450
1999-05-04,6.187500953674316,6.284180656075478,6.090821251273155,6.090821251273155,149200
1999-05-05,6.284177780151367,6.380857438307542,6.187498121995192,6.187498121995192,126900
1999-05-06,6.284177780151367,6.4291972673856295,6.187498121995192,6.332517609229455,98850
1999-05-07,6.187500953674316,6.187500953674316,5.994141548871994,6.090821251273155,45950
1999-05-10,6.042478084564209,6.139157733917236,5.994138259887696,6.042478084564209,48450
1999-05-11,6.139159202575684,6.187499038816437,5.94579985761267,5.94579985761267,118150
1999-05-12,6.139159202575684,6.187499038816437,5.994139693853423,6.187499038816437,28500
1999-05-13,5.994141101837158,6.1875004922190024,5.994141101837158,6.139160644623542,17900
1999-05-14,5.704100608825684,5.994139622833769,5.704100608825684,5.994139622833769,148450
1999-05-17,5.897459983825684,5.9457998197586805,5.800780311959689,5.849120147892686,68200
1999-05-18,5.897459983825684,6.042479491624675,5.752440476026691,6.042479491624675,55750
1999-05-19,5.752440452575684,5.897459959783474,5.704100616839753,5.800780288311613,415550
1999-05-20,5.897459983825684,5.897459983825684,5.704100640093694,5.704100640093694,60350
1999-05-21,5.752440452575684,5.994139631255334,5.655760781103823,5.994139631255334,117850
1999-05-24,5.607424259185791,5.800783716399094,5.607424259185791,5.704103987792442,42550
1999-05-25,5.55908203125,5.7041015625,5.55908203125,5.55908203125,109850
1999-05-26,5.655760288238525,5.704100119761931,5.559080625191713,5.607420456715119,20350
1999-05-27,5.607424259185791,5.704103987792442,5.51074453057914,5.655764123489117,48600
1999-05-28,5.752440452575684,5.800780288311613,5.559081109631963,5.559081109631963,14050
1999-06-01,5.704100608825684,5.800780280161712,5.607420937489655,5.800780280161712,35650
1999-06-02,5.752440452575684,5.800780288311613,5.655760781103823,5.655760781103823,40350
1999-06-03,5.945800304412842,5.994140144286117,5.800780784793016,5.994140144286117,17650
1999-06-04,5.800780296325684,5.897459967931112,5.7041006247202555,5.897459967931112,35700
1999-06-07,5.994141101837158,5.994141101837158,5.849121559050776,5.994141101837158,36950
1999-06-08,6.042478084564209,6.139157733917236,5.945798435211182,6.139157733917236,55050
1999-06-09,5.994141101837158,6.139160644623542,5.994141101837158,6.139160644623542,24450
1999-06-10,6.139159202575684,6.139159202575684,6.042479530094177,6.139159202575684,50050
1999-06-11,6.187500953674316,6.187500953674316,6.090821251273155,6.187500953674316,64050
1999-06-14,6.139159202575684,6.187499038816437,6.09081936633493,6.187499038816437,17900
1999-06-15,6.042478084564209,6.139157733917236,5.994138259887696,6.139157733917236,30550
1999-06-16,6.187500953674316,6.235840804874897,5.994141548871994,5.994141548871994,257750
1999-06-17,6.139159202575684,6.284178711297944,6.09081936633493,6.2358388750571905,47350
1999-06-18,6.139159202575684,6.187499038816437,6.139159202575684,6.139159202575684,11300
1999-06-21,6.332516670227051,6.38085649213718,6.235837026406791,6.332516670227051,29750
1999-06-22,6.332516670227051,6.38085649213718,6.28417684831692,6.332516670227051,50100
1999-06-23,6.525879383087158,6.574219230369286,6.380859841240777,6.525879383087158,93350
1999-06-24,6.525879383087158,6.67089892493354,6.429199688522904,6.574219230369286,71650
1999-06-25,6.574218273162842,6.670897953650531,6.525878432918997,6.670897953650531,77900
1999-06-28,6.477539539337158,6.574219233954131,6.429199692028672,6.574219233954131,57750
1999-06-29,6.525879383087158,6.574219230369286,6.477539535805031,6.525879383087158,37100
1999-06-30,6.670897006988525,6.670897006988525,6.429197840068651,6.5258775068366015,98150
1999-07-01,6.719236850738525,6.719236850738525,6.574217350362874,6.719236850738525,103200
1999-07-02,6.670897006988525,6.7192368403725,6.622557173604551,6.7192368403725,30000
1999-07-06,6.525879383087158,6.67089892493354,6.477539535805031,6.67089892493354,48500
1999-07-07,6.380857467651367,6.525876955552534,6.332517638350978,6.4775371262521455,68350
1999-07-08,6.380857467651367,6.429197296951756,6.332517638350978,6.380857467651367,107650
1999-07-09,6.332516670227051,6.429196314047311,6.332516670227051,6.429196314047311,78350
1999-07-12,6.429198741912842,6.525878422242358,6.380858901748083,6.429198741912842,80000
1999-07-13,6.380857467651367,6.429197296951756,6.332517638350978,6.429197296951756,50500
1999-07-14,6.332516670227051,6.38085649213718,6.28417684831692,6.332516670227051,22900
1999-07-15,6.332516670227051,6.38085649213718,6.28417684831692,6.332516670227051,40050
1999-07-16,6.235840797424316,6.332520499709965,6.235840797424316,6.332520499709965,24550
1999-07-19,6.235840797424316,6.2841806485671405,6.187500946281492,6.2841806485671405,41400
1999-07-20,6.187500953674316,6.332520507276058,6.139161102473736,6.332520507276058,71650
1999-07-21,6.090818881988525,6.1391587143852595,6.04247904959179,6.1391587143852595,52650
1999-07-22,5.945800304412842,6.0424799841593915,5.8974604645395665,5.994140144286117,66350
1999-07-23,5.704100608825684,5.800780280161712,5.704100608825684,5.800780280161712,34950
1999-07-26,5.752440452575684,5.752440452575684,5.607420945367893,5.704100616839753,81550
1999-07-27,6.042478084564209,6.042478084564209,5.8974586105346685,6.042478084564209,39100
1999-07-28,6.284177780151367,6.332517609229455,6.139158292917105,6.187498121995192,54050
1999-07-29,6.187500953674316,6.380860358476639,6.139161102473736,6.284180656075478,73850
1999-07-30,6.235840797424316,6.429200201995613,6.235840797424316,6.235840797424316,40550
1999-08-02,6.284177780151367,6.332517609229455,6.23583795107328,6.332517609229455,33300
1999-08-03,6.235840797424316,6.332520499709965,6.235840797424316,6.2841806485671405,109750
1999-08-04,6.284177780151367,6.4291972673856295,6.284177780151367,6.284177780151367,49150
1999-08-05,6.187500953674316,6.380860358476639,6.139161102473736,6.284180656075478,92400
1999-08-06,5.994141101837158,6.235840339814463,5.945801254241697,6.1875004922190024,82050
1999-08-09,6.042478084564209,6.2358373832702645,6.042478084564209,6.042478084564209,42800
1999-08-10,5.994141101837158,6.090820797028081,5.752441863859854,6.04248094943262,51300
1999-08-11,6.042478084564209,6.042478084564209,5.8974586105346685,5.945798435211182,31400
1999-08-12,5.897459983825684,6.042479491624675,5.897459983825684,6.042479491624675,52700
1999-08-13,5.994141101837158,5.994141101837158,5.849121559050776,5.945801254241697,48050
1999-08-16,5.994141101837158,6.04248094943262,5.945801254241697,5.994141101837158,37900
1999-08-17,5.945800304412842,5.945800304412842,5.849120624666291,5.8974604645395665,29650
1999-08-18,5.994141101837158,6.04248094943262,5.945801254241697,5.994141101837158,22250
1999-08-19,6.090818881988525,6.1391587143852595,6.04247904959179,6.090818881988525,15250
1999-08-20,6.332516670227051,6.38085649213718,6.1391573825865295,6.18749720449666,449700
1999-08-23,6.429198741912842,6.429198741912842,6.332519061583326,6.380858901748083,75450
1999-08-24,6.332516670227051,6.38085649213718,6.235837026406791,6.38085649213718,125000
1999-08-25,6.281101226806641,6.427173348360283,6.281101226806641,6.378482641175736,51000
1999-08-26,6.378480911254883,6.378480911254883,6.281099523296793,6.281099523296793,40500
1999-08-27,6.3297905921936035,6.3297905921936035,6.281099895330575,6.281099895330575,31100
1999-08-30,6.3297905921936035,6.378481289056631,6.281099895330575,6.378481289056631,23800
1999-08-31,6.232411861419678,6.32979329675436,6.232411861419678,6.281102579087019,32100
1999-09-01,6.3297905921936035,6.378481289056631,6.232409198467548,6.232409198467548,81750
1999-09-02,6.3297905921936035,6.3297905921936035,6.135027804741492,6.18371850160452,102700
1999-09-03,6.3297905921936035,6.3297905921936035,6.232409198467548,6.281099895330575,28150
1999-09-07,6.232411861419678,6.32979329675436,6.135030426084995,6.232411861419678,22900
1999-09-08,6.037648677825928,6.1837208232572,5.9889579626821705,6.086339392969685,50800
1999-09-09,6.232411861419678,6.232411861419678,6.135030426084995,6.135030426084995,39600
1999-09-10,6.281101226806641,6.329791933991188,6.232410519622093,6.232410519622093,47250
1999-09-13,6.281101226806641,6.378482641175736,6.281101226806641,6.378482641175736,51000
1999-09-14,6.281101226806641,6.329791933991188,6.232410519622093,6.329791933991188,12850
1999-09-15,6.232411861419678,6.281102579087019,6.1837211437523365,6.232411861419678,14200
1999-09-16,6.086338520050049,6.13502922821045,5.988957103729248,6.13502922821045,42550
1999-09-17,6.281101226806641,6.281101226806641,6.183719812437545,6.232410519622093,18050
1999-09-20,6.232411861419678,6.32979329675436,6.135030426084995,6.1837211437523365,52750
1999-09-21,5.94026517868042,6.183718669609945,5.891574480494515,6.183718669609945,910350
1999-09-22,5.94026517868042,5.988955876866325,5.8428837823086095,5.8428837823086095,33900
1999-09-23,5.696812152862549,5.940265663668641,5.696812152862549,5.940265663668641,43200
1999-09-24,5.745503902435303,5.745503902435303,5.599431769322541,5.648122480360128,59550
1999-09-27,5.8428850173950195,5.8428850173950195,5.696812891960144,5.745503600438436,73100
1999-09-28,5.794194221496582,5.891575636983919,5.696812806009245,5.891575636983919,22250
1999-09-29,5.794194221496582,5.794194221496582,5.696812806009245,5.794194221496582,30500
1999-09-30,5.94026517868042,6.03764657505223,5.8428837823086095,5.8428837823086095,52500
1999-10-01,6.037648677825928,6.037648677825928,5.9889579626821705,6.037648677825928,15450
1999-10-04,6.13502836227417,6.13502836227417,6.037646959698389,6.13502836227417,35100
1999-10-05,6.13502836227417,6.18371906356206,6.086337660986279,6.13502836227417,17750
1999-10-06,6.3297905921936035,6.3297905921936035,6.232409198467548,6.232409198467548,32850
1999-10-07,6.281101226806641,6.427173348360283,6.281101226806641,6.427173348360283,22600
1999-10-08,6.281101226806641,6.378482641175736,6.232410519622093,6.378482641175736,20950
1999-10-11,6.378480911254883,6.427171605233928,6.281099523296793,6.427171605233928,28200
1999-10-12,6.3297905921936035,6.427171985919658,6.3297905921936035,6.378481289056631,34750
1999-10-13,6.232411861419678,6.32979329675436,6.135030426084995,6.32979329675436,49450
1999-10-14,6.3297905921936035,6.378481289056631,6.281099895330575,6.281099895330575,77950
1999-10-15,6.183720111846924,6.183720111846924,6.0376479832206185,6.0863386927627205,19550
1999-10-18,6.086338520050049,6.086338520050049,5.940266395568848,6.037647811889649,13200
1999-10-19,6.183720111846924,6.183720111846924,5.988957273678517,6.0863386927627205,23600
1999-10-20,6.13502836227417,6.13502836227417,6.037646959698389,6.086337660986279,9250
1999-10-21,6.086338520050049,6.23241064453125,6.037647811889649,6.18371993637085,20600
1999-10-22,6.183720111846924,6.183720111846924,6.0863386927627205,6.135029402304823,15450
1999-10-25,6.183720111846924,6.183720111846924,6.0863386927627205,6.183720111846924,15850
1999-10-26,6.037648677825928,6.1837208232572,6.037648677825928,6.1837208232572,12550
1999-10-27,6.086338520050049,6.086338520050049,5.940266395568848,6.037647811889649,29000
1999-10-28,6.183720111846924,6.232410821389026,6.0863386927627205,6.0863386927627205,12950
1999-10-29,6.3297905921936035,6.427171985919658,6.232409198467548,6.281099895330575,62150
1999-11-01,6.281101226806641,6.378482641175736,6.281101226806641,6.378482641175736,30750
1999-11-02,6.3297905921936035,6.427171985919658,6.281099895330575,6.281099895330575,50350
1999-11-03,6.378480911254883,6.475862299212973,6.329790217275838,6.427171605233928,33050
1999-11-04,6.427173137664795,6.524554548841534,6.329791726488056,6.427173137664795,61900
1999-11-05,6.378480911254883,6.475862299212973,6.329790217275838,6.427171605233928,20300
1999-11-08,6.475863933563232,6.475863933563232,6.329791814761054,6.329791814761054,20350
1999-11-09,6.427173137664795,6.524554548841534,6.378482432076425,6.4758638432531646,20000
1999-11-10,6.427173137664795,6.524554548841534,6.427173137664795,6.427173137664795,15250
1999-11-11,6.475863933563232,6.6219360523654105,6.42717322729584,6.475863933563232,16950
1999-11-12,6.524556636810303,6.524556636810303,6.42717519446985,6.475865915640076,13250
1999-11-15,6.621937274932861,6.67062799018972,6.524555844419143,6.524555844419143,41500
1999-11-16,6.621937274932861,6.71931870544658,6.524555844419143,6.524555844419143,46550
1999-11-17,6.621937274932861,6.71931870544658,6.573246559676002,6.621937274932861,38450
1999-11-18,6.670628070831299,6.719318786676783,6.573246639140331,6.621937354985815,35800
1999-11-19,6.524556636810303,6.719319521491207,6.524556636810303,6.719319521491207,40400
1999-11-22,6.621937274932861,6.67062799018972,6.524555844419143,6.621937274932861,38950
1999-11-23,6.524556636810303,6.6219380791507545,6.524556636810303,6.573247357980529,16000
1999-11-24,6.475863933563232,6.524554639830625,6.475863933563232,6.524554639830625,42000
1999-11-26,6.621937274932861,6.621937274932861,6.524555844419143,6.573246559676002,17450
1999-11-29,6.621937274932861,6.621937274932861,6.524555844419143,6.621937274932861,30100
1999-11-30,6.524556636810303,6.6219380791507545,6.524556636810303,6.6219380791507545,23700
1999-12-01,6.524556636810303,6.573247357980529,6.475865915640076,6.524556636810303,12900
1999-12-02,6.573246479034424,6.621937193693938,6.573246479034424,6.573246479034424,70950
1999-12-03,6.621937274932861,6.71931870544658,6.524555844419143,6.71931870544658,22000
1999-12-06,6.621937274932861,6.67062799018972,6.524555844419143,6.621937274932861,100700
1999-12-07,6.914079666137695,6.914079666137695,6.719316858640859,6.768007560515068,45250
1999-12-08,7.011460781097412,7.060151480966144,6.865388681491216,6.914079381359948,85500
1999-12-09,6.962770938873291,7.011461644739538,6.962770938873291,7.011461644739538,44000
1999-12-10,7.108843803405762,7.108843803405762,6.962771670459068,7.108843803405762,27350
1999-12-13,7.060152530670166,7.108843237778236,6.962771116454025,7.060152530670166,48000
1999-12-14,6.865390300750732,7.060153146162101,6.865390300750732,7.011462434809259,58050
1999-12-15,6.816696643829346,6.914078024455479,6.768005953516279,6.914078024455479,28600
1999-12-16,6.768009185791016,6.914081326491542,6.768009185791016,6.914081326491542,19250
1999-12-17,6.962770938873291,7.011461644739538,6.914080233007044,7.011461644739538,27050
1999-12-20,7.011460781097412,7.060151480966144,6.96277008122868,7.011460781097412,60700
1999-12-21,7.133869171142578,7.133869171142577,6.740276389286436,7.08467007341056,34600
1999-12-22,7.08466911315918,7.18306729528639,6.986270931031969,7.08466911315918,52350
1999-12-23,7.232267379760742,7.281466477582244,7.133869184117739,7.133869184117739,41100
1999-12-27,7.183069229125977,7.379865646362305,7.1338701248168945,7.330666542053223,81800
1999-12-28,7.232267379760742,7.281466477582244,7.133869184117739,7.281466477582244,15000
1999-12-29,7.379865646362305,7.379865646362305,7.232268333435059,7.281467437744141,32500
1999-12-30,7.28146505355835,7.429062318157505,7.28146505355835,7.429062318157505,24350
1999-12-31,7.232267379760742,7.330665575403746,7.232267379760742,7.330665575403746,15500
2000-01-03,7.330665111541748,7.576660585083417,7.330665111541747,7.429063300958416,112600
2000-01-04,7.232267379760742,7.47826286886825,7.232267379760742,7.330665575403746,80200
2000-01-05,7.183069229125977,7.232268333435059,6.937073707580566,6.986272811889648,29050
2000-01-06,6.937073707580566,7.0846710205078125,6.937073707580566,6.986272811889648,30900
2000-01-07,7.330665111541748,7.429063300958416,7.133868732708412,7.183067827416746,39450
2000-01-10,7.28146505355835,7.429062318157505,7.183066877158912,7.330664141758068,45950
2000-01-11,6.986271381378174,7.232266852553462,6.986271381378174,7.183067758318404,34300
2000-01-12,7.08466911315918,7.232266386349996,7.035470022095574,7.08466911315918,51650
2000-01-13,7.08466911315918,7.281465477413601,7.035470022095574,7.08466911315918,24450
2000-01-14,7.133869171142578,7.183068268874595,7.0354709756785425,7.133869171142577,43400
2000-01-18,6.78947639465332,6.937073707580566,6.641879081726074,6.887874603271484,153300
2000-01-19,6.641879558563232,6.78947688208686,6.592680450722023,6.691078666404442,44150
2000-01-20,6.6910786628723145,6.8386759863180275,6.6910786628723145,6.8386759863180275,16950
2000-01-21,6.7402777671813965,6.789476874971042,6.641879551602106,6.691078659391751,25000
2000-01-24,6.592681407928467,6.691079637897548,6.494283177959385,6.592681407928467,81850
2000-01-25,6.494280815124512,6.5926790092930645,6.445081718040235,6.5926790092930645,39100
2000-01-26,6.543479919433594,6.64187811371079,6.543479919433594,6.592679016572192,39500
2000-01-27,6.494280815124512,6.838674494714448,6.494280815124512,6.7402763005458945,74850
2000-01-28,6.494280815124512,6.543479912208788,6.445081718040235,6.543479912208788,34950
2000-01-31,6.346683979034424,6.445082180259764,6.100688475971074,6.445082180259764,99450
2000-02-01,6.395881652832031,6.445080742469201,6.297483473557692,6.346682563194862,27100
2000-02-02,6.543479919433594,6.543479919433594,6.395882628017798,6.4942808222949955,54350
2000-02-03,6.592681407928467,6.592681407928467,6.494283177959385,6.592681407928467,51700
2000-02-04,6.494280815124512,6.641878106377342,6.445081718040235,6.5926790092930645,48450
2000-02-07,6.494280815124512,6.5926790092930645,6.445081718040235,6.543479912208788,18000
2000-02-08,6.445080280303955,6.592677538631527,6.395881194194765,6.543478452522336,42150
2000-02-09,6.297485828399658,6.395884044468403,6.1990876123309135,6.395884044468403,44500
2000-02-10,6.346683979034424,6.395883079647094,6.199086677196414,6.248285777809084,36450
2000-02-11,6.199085712432861,6.34668299130031,6.199085712432861,6.297483898344494,35600
2000-02-14,6.24828577041626,6.346683971525177,6.199086669861801,6.346683971525177,61050
2000-02-15,6.149887561798096,6.29748486328125,6.0022902603149415,6.248285762786865,75400
2000-02-16,6.149887561798096,6.199086662292481,6.051489360809326,6.149887561798096,70000
2000-02-17,6.002288818359375,6.248284261734759,6.002288818359375,6.1498860843846055,42400
2000-02-18,5.756293773651123,6.051488326146052,5.707094681568635,6.051488326146052,66800
2000-02-22,5.707098007202148,5.903894490209119,5.657898886450406,5.903894490209119,69800
2000-02-23,5.9038920402526855,5.9038920402526855,5.756294739246369,5.854692939917246,102450
2000-02-24,5.707098007202148,5.854695369457376,5.559500644946921,5.854695369457376,74450
2000-02-25,5.707098007202148,5.854695369457376,5.707098007202148,5.854695369457376,97850
2000-02-28,5.756293773651123,5.756293773651123,5.608696497403658,5.707094681568635,182850
2000-02-29,5.657896995544434,5.756295204162598,5.657896995544434,5.756295204162598,76100
2000-03-01,5.756293773651123,5.756293773651123,5.608696497403658,5.756293773651123,238550
2000-03-02,5.657896995544434,5.707096099853516,5.657896995544434,5.707096099853516,81200
2000-03-03,5.707098007202148,5.805496248705634,5.608699765698663,5.608699765698663,61800
2000-03-06,5.657896995544434,5.756295204162598,5.608697891235352,5.608697891235352,75800
2000-03-07,5.461099624633789,5.7070951032208965,5.313502337481524,5.608696911786054,366650
2000-03-08,5.5594987869262695,5.707096099853516,5.5102996826171875,5.5594987869262695,84700
2000-03-09,5.657896995544434,5.707096099853516,5.5102996826171875,5.5594987869262695,63650
2000-03-10,5.657896995544434,5.756295204162598,5.608697891235352,5.756295204162598,32500
2000-03-13,5.313504219055176,5.461101558473375,5.313504219055176,5.4119024453339755,95950
2000-03-14,5.608696460723877,5.608696460723877,5.461099185441669,5.510298277202405,68450
2000-03-15,5.5102996826171875,5.5102996826171875,5.362702369689941,5.411901473999023,37550
2000-03-16,5.461099624633789,5.608696911786054,5.411900528916368,5.461099624633789,83450
2000-03-17,5.657896995544434,5.756295204162598,5.608697891235352,5.657896995544434,59600
2000-03-20,5.657896995544434,5.80549430847168,5.608697891235352,5.657896995544434,24400
2000-03-21,5.80549430847168,5.80549430847168,5.657896995544434,5.707096099853516,42300
2000-03-22,5.80549430847168,5.903892517089844,5.80549430847168,5.80549430847168,35000
2000-03-23,5.9038920402526855,6.0514893412590025,5.805493839581808,5.854692939917246,40350
2000-03-24,5.9038920402526855,6.0514893412590025,5.9038920402526855,6.002290240923564,27450
2000-03-27,6.10068941116333,6.149888519317874,6.051490303008787,6.149888519317874,64300
2000-03-28,6.10068941116333,6.24828673562696,6.10068941116333,6.149888519317874,30000
2000-03-29,6.10068941116333,6.199087627472417,6.051490303008787,6.149888519317874,73000
2000-03-30,5.8546929359436035,5.953091136547698,5.707095635037462,5.953091136547698,17450
2000-03-31,5.80549430847168,5.854693412780762,5.707096099853516,5.80549430847168,74650
2000-04-03,5.5102996826171875,5.707096099853516,5.5102996826171875,5.608697891235352,53600
2000-04-04,5.5594987869262695,5.608697891235352,5.362702369689941,5.5594987869262695,69100
2000-04-05,5.5594987869262695,5.707096099853516,5.5594987869262695,5.5594987869262695,51150
2000-04-06,5.80549430847168,5.80549430847168,5.707096099853516,5.707096099853516,54650
2000-04-07,5.9038920402526855,5.9038920402526855,5.805493839581808,5.805493839581808,39450
2000-04-10,5.707098007202148,5.854695369457376,5.707098007202148,5.805496248705634,21700
2000-04-11,5.707098007202148,5.756297127953891,5.657898886450406,5.756297127953891,36650
2000-04-12,5.707098007202148,5.756297127953891,5.707098007202148,5.756297127953891,32600
2000-04-13,5.80549430847168,5.854693412780762,5.756295204162598,5.80549430847168,58750
2000-04-14,5.313504219055176,5.903893576727974,5.313504219055176,5.854694463588574,123950
2000-04-17,5.608696460723877,5.608696460723877,5.313501910159462,5.411900093680933,120150
2000-04-18,5.756293773651123,5.756293773651123,5.55949740532117,5.55949740532117,37750
2000-04-19,5.707098007202148,5.805496248705634,5.707098007202148,5.756297127953891,32150
2000-04-20,5.80549430847168,5.854693412780762,5.756295204162598,5.80549430847168,29200
2000-04-24,5.707098007202148,5.756297127953891,5.608699765698663,5.756297127953891,13250
2000-04-25,5.8546929359436035,5.8546929359436035,5.707095635037462,5.75629473533951,49500
2000-04-26,5.80549430847168,5.903892517089844,5.80549430847168,5.903892517089844,36700
2000-04-27,5.8546929359436035,5.903892036245651,5.707095635037462,5.75629473533951,34700
2000-04-28,5.9038920402526855,6.002290240923564,5.9038920402526855,5.9038920402526855,37250
2000-05-01,5.953092575073242,6.100689911645306,5.903893462882555,5.903893462882555,9100
2000-05-02,5.953092575073242,6.002291687263931,5.903893462882555,5.903893462882555,27250
2000-05-03,5.707098007202148,5.854695369457376,5.707098007202148,5.854695369457376,26200
2000-05-04,5.756293773651123,5.805492865733611,5.756293773651123,5.756293773651123,21850
2000-05-05,5.80549430847168,5.903892517089844,5.707096099853516,5.756295204162598,38100
2000-05-08,5.707098007202148,5.756297127953891,5.608699765698663,5.707098007202148,12400
2000-05-09,5.608696460723877,5.756293736006084,5.608696460723877,5.756293736006084,20350
2000-05-10,5.608696460723877,5.756293736006084,5.55949736896314,5.608696460723877,40550
2000-05-11,5.5594987869262695,5.657896995544434,5.5594987869262695,5.657896995544434,12550
2000-05-12,5.657896995544434,5.756295204162598,5.608697891235352,5.657896995544434,127650
2000-05-15,5.5594987869262695,5.657896995544434,5.5102996826171875,5.657896995544434,19550
2000-05-16,5.707098007202148,5.756297127953891,5.608699765698663,5.657898886450406,45300
2000-05-17,5.5102996826171875,5.707096099853516,5.4611005783081055,5.4611005783081055,34400
2000-05-18,5.411900520324707,5.657895998521284,5.411900520324707,5.657895998521284,19850
2000-05-19,5.411900520324707,5.510298711603338,5.2643032334067605,5.362701424685391,25200
2000-05-22,5.215105056762695,5.411901473999023,5.067507743835449,5.264304161071777,89550
2000-05-23,5.116706848144531,5.264304161071777,5.018308639526367,5.165905952453613,55750
2000-05-24,5.165904998779297,5.215104094005766,5.116705903552828,5.116705903552828,12500
2000-05-25,5.116706848144531,5.264304161071777,5.067507743835449,5.067507743835449,42650
2000-05-26,5.067507266998291,5.215104566037076,5.067507266998291,5.067507266998291,11250
2000-05-30,5.215105056762695,5.264304161071777,5.116706848144531,5.116706848144531,17400
2000-05-31,5.215105056762695,5.264304161071777,5.116706848144531,5.116706848144531,34200
2000-06-01,5.5102996826171875,5.5102996826171875,5.215105056762695,5.313503265380859,89350
2000-06-02,5.707098007202148,5.756297127953891,5.559500644946921,5.707098007202148,34650
2000-06-05,5.756293773651123,5.805492865733611,5.657895589486147,5.756293773651123,41250
2000-06-06,5.80549430847168,5.854693412780762,5.707096099853516,5.80549430847168,10200
2000-06-07,5.9038920402526855,6.002290240923564,5.805493839581808,5.9038920402526855,23600
2000-06-08,5.953092575073242,6.051490799454618,5.854694350691867,5.854694350691867,37600
2000-06-09,5.9038920402526855,6.002290240923564,5.854692939917246,5.9038920402526855,21100
2000-06-12,5.80549430847168,5.953091621398926,5.80549430847168,5.854693412780762,21650
2000-06-13,5.756293773651123,5.854691957816099,5.657895589486147,5.854691957816099,27200
2000-06-14,5.8546929359436035,5.8546929359436035,5.75629473533951,5.8546929359436035,16500
2000-06-15,5.9038920402526855,6.002290240923564,5.854692939917246,5.9038920402526855,44900
2000-06-16,5.80549430847168,5.903892517089844,5.707096099853516,5.903892517089844,51500
2000-06-19,5.707098007202148,5.756297127953891,5.608699765698663,5.756297127953891,43450
2000-06-20,5.608696460723877,5.756293736006084,5.608696460723877,5.707094644245348,21050
2000-06-21,5.707098007202148,5.707098007202148,5.608699765698663,5.608699765698663,31550
2000-06-22,5.707098007202148,5.756297127953891,5.707098007202148,5.756297127953891,13300
2000-06-23,5.756293773651123,5.854691957816099,5.707094681568635,5.756293773651123,62300
2000-06-26,5.8546929359436035,5.8546929359436035,5.75629473533951,5.75629473533951,22950
2000-06-27,5.953092575073242,5.953092575073242,5.805495238501178,5.805495238501178,33750
2000-06-28,5.9038920402526855,6.002290240923564,5.854692939917246,5.854692939917246,20500
2000-06-29,5.8546929359436035,5.8546929359436035,5.75629473533951,5.8546929359436035,13750
2000-06-30,5.8546929359436035,5.8546929359436035,5.75629473533951,5.8546929359436035,13800
2000-07-03,5.953092575073242,5.953092575073242,5.854694350691867,5.903893462882555,11350
2000-07-05,5.8546929359436035,6.0022902368497455,5.8546929359436035,6.0022902368497455,47800
2000-07-06,5.8546929359436035,5.903892036245651,5.805493835641557,5.8546929359436035,47200
2000-07-07,6.10068941116333,6.199087627472417,5.903892978545159,5.9530920866997015,42450
2000-07-10,6.051490306854248,6.149888523225862,5.9530920904826345,6.149888523225862,41300
2000-07-11,6.051490306854248,6.100689415040055,6.002291198668441,6.051490306854248,15600
2000-07-12,6.10068941116333,6.10068941116333,6.002291194854244,6.051490303008787,19750
2000-07-13,6.002288818359375,6.051487907034452,5.953089729684298,6.051487907034452,37700
2000-07-14,5.9038920402526855,6.002290240923564,5.9038920402526855,5.953091140588125,28900
2000-07-17,6.002288818359375,6.051487907034452,5.953089729684298,6.002288818359375,26200
2000-07-18,5.9038920402526855,6.0514893412590025,5.9038920402526855,6.002290240923564,41650
2000-07-19,6.10068941116333,6.149888519317874,6.002291194854244,6.051490303008787,34550
2000-07-20,6.10068941116333,6.149888519317874,6.051490303008787,6.10068941116333,22600
2000-07-21,6.002288818359375,6.100686995709529,6.002288818359375,6.051487907034452,30200
2000-07-24,5.953092575073242,6.002291687263931,5.903893462882555,6.002291687263931,12750
2000-07-25,5.953092575073242,6.051490799454618,5.953092575073242,6.051490799454618,14850
2000-07-26,5.8546929359436035,5.953091136547698,5.8546929359436035,5.953091136547698,20500
2000-07-27,5.8546929359436035,5.903892036245651,5.805493835641557,5.903892036245651,24350
2000-07-28,5.707098007202148,5.805496248705634,5.657898886450406,5.756297127953891,24050
2000-07-31,5.8546929359436035,5.903892036245651,5.75629473533951,5.805493835641557,62450
2000-08-01,5.8546929359436035,5.903892036245651,5.8546929359436035,5.8546929359436035,37200
2000-08-02,5.9038920402526855,5.953091140588125,5.805493839581808,5.854692939917246,26250
2000-08-03,5.9038920402526855,5.9038920402526855,5.805493839581808,5.805493839581808,4900
2000-08-04,5.8546929359436035,5.903892036245651,5.805493835641557,5.8546929359436035,8700
2000-08-07,5.953092575073242,6.002291687263931,5.903893462882555,5.953092575073242,37250
2000-08-08,5.8546929359436035,6.0022902368497455,5.8546929359436035,6.0022902368497455,11900
2000-08-09,5.8546929359436035,6.0022902368497455,5.8546929359436035,5.903892036245651,68550
2000-08-10,5.953092575073242,6.051490799454618,5.953092575073242,5.953092575073242,40100
2000-08-11,6.10068941116333,6.10068941116333,6.002291194854244,6.002291194854244,10800
2000-08-14,6.199085712432861,6.199085712432861,6.100687526521228,6.100687526521228,21900
2000-08-15,6.24828577041626,6.2974848709707185,6.1006884687528835,6.149887569307342,55750
2000-08-16,6.24828577041626,6.445082172634095,6.199086669861801,6.2974848709707185,69200
2000-08-17,6.445080280303955,6.445080280303955,6.248283935867193,6.248283935867193,52200
2000-08-18,6.297485828399658,6.445083152502775,6.297485828399658,6.3466849364340305,21700
2000-08-21,6.395881652832031,6.54347892174354,6.346682563194862,6.395881652832031,21200
2000-08-22,6.395881652832031,6.445080742469201,6.346682563194862,6.346682563194862,33150
2000-08-23,6.395881652832031,6.395881652832031,6.297483473557692,6.346682563194862,23900
2000-08-24,6.282890796661377,6.4839433021545405,6.232627670288085,6.43368017578125,32950
2000-08-25,6.182365417480469,6.2828916844313705,6.182365417480469,6.2828916844313705,40650
2000-08-28,6.182365417480469,6.2828916844313705,6.1321022840050174,6.23262855095592,51950
2000-08-29,6.132101058959961,6.18236418239406,6.132101058959961,6.18236418239406,13700
2000-08-30,6.182365417480469,6.23262855095592,6.081839150529567,6.1321022840050174,24550
2000-08-31,6.182365417480469,6.23262855095592,6.081839150529567,6.182365417480469,61450
2000-09-01,6.081839561462402,6.132102698333992,6.081839561462402,6.081839561462402,62100
2000-09-05,6.081839561462402,6.182365835205582,6.031576424590812,6.081839561462402,39250
2000-09-06,5.9813127517700195,6.08183901650565,5.9813127517700195,6.031575884137834,24350
2000-09-07,6.031576156616211,6.0818392912546795,5.981313021977742,5.981313021977742,78250
2000-09-08,5.931050777435303,6.031577061798614,5.931050777435303,5.981313919616959,16900
2000-09-11,5.88078498840332,5.981311227521325,5.88078498840332,5.931048107962322,42450
2000-09-12,5.729996204376221,5.880785578175595,5.729996204376221,5.880785578175595,43950
2000-09-13,5.729996204376221,5.780259328976012,5.67973307977643,5.729996204376221,23950
2000-09-14,5.629471302032471,5.7802607119083405,5.629471302032471,5.7802607119083405,39450
2000-09-15,5.629471302032471,5.679734438657761,5.629471302032471,5.629471302032471,32150
2000-09-18,5.4284186363220215,5.579208042886522,5.4284186363220215,5.579208042886522,24300
2000-09-19,5.629471302032471,5.679734438657761,5.478681892156601,5.528945028781891,57000
2000-09-20,5.478682041168213,5.5792083171529505,5.478682041168213,5.5792083171529505,24850
2000-09-21,5.4284186363220215,5.528944907365021,5.4284186363220215,5.4786817718435215,14100
2000-09-22,5.4284186363220215,5.4284186363220215,5.227366094236021,5.327892365279021,33450
2000-09-25,5.478682041168213,5.528945179160582,5.428418903175844,5.528945179160582,16850
2000-09-26,5.478682041168213,5.528945179160582,5.428418903175844,5.428418903175844,21850
2000-09-27,5.3781538009643555,5.428416920599536,5.3781538009643555,5.428416920599536,9000
2000-09-28,5.52894401550293,5.52894401550293,5.378154633261941,5.378154633261941,17300
2000-09-29,5.52894401550293,5.579207142916593,5.428417760675604,5.478680888089267,38250
2000-10-02,5.3781538009643555,5.428416920599536,5.277627561693993,5.428416920599536,26150
2000-10-03,5.4284186363220215,5.4284186363220215,5.3781555008005215,5.4284186363220215,28850
2000-10-04,5.3781538009643555,5.428416920599536,5.327890681329174,5.428416920599536,14150
2000-10-05,5.4284186363220215,5.579208042886522,5.4284186363220215,5.4786817718435215,27350
2000-10-06,5.227365970611572,5.428418507942786,5.227365970611572,5.428418507942786,42900
2000-10-09,5.1268391609191895,5.2273654189764285,5.07657603189057,5.2273654189764285,16250
2000-10-10,5.227365970611572,5.227365970611572,5.126839701945965,5.1771028362787685,10700
2000-10-11,5.076574325561523,5.126837437695796,5.026311213427251,5.126837437695796,9950
2000-10-12,4.97605037689209,5.126839782252456,4.9257872417719675,5.126839782252456,17350
2000-10-13,5.076574325561523,5.126837437695796,4.925784989158706,4.925784989158706,48150
2000-10-16,5.076574325561523,5.126837437695796,5.076574325561523,5.126837437695796,7250
2000-10-17,4.825261116027832,5.076576799154282,4.825261116027832,5.076576799154282,40350
2000-10-18,4.925787925720215,5.026314209918587,4.774998499422657,4.774998499422657,19400
2000-10-19,5.327892303466797,5.327892303466797,5.126839763713333,5.177102898651699,46500
2000-10-20,5.2776288986206055,5.32789203098842,5.2776288986206055,5.32789203098842,15300
2000-10-23,5.177102088928223,5.277628343082169,5.1268389618512495,5.277628343082169,26250
2000-10-24,5.227365970611572,5.277629104944376,5.1771028362787685,5.227365970611572,18800
2000-10-25,5.227365970611572,5.327892239277179,5.227365970611572,5.277629104944376,24800
2000-10-26,5.2776288986206055,5.2776288986206055,5.22736576625279,5.2776288986206055,8750
2000-10-27,5.3781538009643555,5.428416920599536,5.227364442058812,5.327890681329174,32450
2000-10-30,5.4284186363220215,5.4284186363220215,5.327892365279021,5.327892365279021,11150
2000-10-31,5.52894401550293,5.6294702703302555,5.428417760675604,5.428417760675604,56700
2000-11-01,5.679734230041504,5.729997364820632,5.629471095262375,5.629471095262375,22350
2000-11-02,5.729996204376221,5.729996204376221,5.67973307977643,5.67973307977643,10200
2000-11-03,5.679734230041504,5.729997364820632,5.679734230041504,5.679734230041504,24200
2000-11-06,5.629471302032471,5.7299975752830505,5.629471302032471,5.7299975752830505,25150
2000-11-07,5.679734230041504,5.679734230041504,5.629471095262375,5.629471095262375,27300
2000-11-08,5.579206466674805,5.654601148656896,5.579206466674805,5.629469587996199,32350
2000-11-09,5.52894401550293,5.579207142916593,5.52894401550293,5.579207142916593,14300
2000-11-10,5.3781538009643555,5.62946939914026,5.327890681329174,5.62946939914026,91150
2000-11-13,5.227365970611572,5.3781553736099825,5.1771028362787685,5.327892239277179,39500
2000-11-14,5.478682041168213,5.478682041168213,5.327892627191106,5.378155765183474,156350
2000-11-15,5.327892303466797,5.378155438405163,5.277629168528431,5.378155438405163,32900
2000-11-16,5.327892303466797,5.378155438405163,5.277629168528431,5.327892303466797,12750
2000-11-17,5.327892303466797,5.327892303466797,5.227366033590065,5.277629168528431,14050
2000-11-20,5.227365970611572,5.227365970611572,5.126839701945965,5.126839701945965,12950
2000-11-21,5.227365970611572,5.327892239277179,5.227365970611572,5.327892239277179,9900
2000-11-22,5.177102088928223,5.177102088928223,5.1268389618512495,5.177102088928223,7100
2000-11-24,5.327892303466797,5.327892303466797,5.277629168528431,5.277629168528431,22450
2000-11-27,5.3781538009643555,5.428416920599536,5.177101322423631,5.177101322423631,33600
2000-11-28,5.227365970611572,5.3781553736099825,5.227365970611572,5.3781553736099825,20450
2000-11-29,5.2776288986206055,5.32789203098842,5.22736576625279,5.2776288986206055,11250
2000-11-30,5.2776288986206055,5.2776288986206055,5.076576369149344,5.2776288986206055,29950
2000-12-01,5.2776288986206055,5.478681428091866,5.22736576625279,5.478681428091866,13350
2000-12-04,5.327892303466797,5.327892303466797,5.177102898651699,5.277629168528431,31900
2000-12-05,5.478682041168213,5.528945179160582,5.277629489198737,5.277629489198737,92350
2000-12-06,5.327892303466797,5.528944843220261,5.327892303466797,5.478681708281895,17600
2000-12-07,5.327892303466797,5.378155438405163,5.277629168528431,5.378155438405163,12700
2000-12-08,5.4284186363220215,5.4284186363220215,5.327892365279021,5.3781555008005215,13750
2000-12-11,5.629471302032471,5.629471302032471,5.478681892156601,5.478681892156601,10700
2000-12-12,5.478682041168213,5.5792083171529505,5.478682041168213,5.478682041168213,11450
2000-12-13,5.478682041168213,5.629471455145319,5.478682041168213,5.528945179160582,40000
2000-12-14,5.3781538009643555,5.478680040234717,5.3781538009643555,5.428416920599536,11600
2000-12-15,5.227365970611572,5.3781553736099825,5.1771028362787685,5.327892239277179,21300
2000-12-18,5.52894401550293,5.52894401550293,5.378154633261941,5.378154633261941,70600
2000-12-19,5.3781538009643555,5.528943159869898,5.3781538009643555,5.428416920599536,11250
2000-12-20,5.268489360809326,5.421940507240666,5.268489360809326,5.421940507240666,48200
2000-12-21,5.166186332702637,5.319637411891824,5.115035972972907,5.166186332702637,15600
2000-12-22,5.421940326690674,5.473090707131152,5.319639565809718,5.370789946250196,14400
2000-12-26,5.319638729095459,5.370789101490607,5.2173379843051615,5.370789101490607,21000
2000-12-27,5.166186332702637,5.268487052162095,5.166186332702637,5.217336692432366,29600
2000-12-28,5.268489360809326,5.268489360809326,5.217338978665546,5.217338978665546,27000
2000-12-29,5.319638729095459,5.4219394738857565,5.319638729095459,5.370789101490607,26250
2001-01-02,5.217338562011719,5.370789696188534,5.217338562011719,5.319639318129596,20700
2001-01-03,5.575390815734863,5.575390815734863,5.166187820084598,5.166187820084598,57000
2001-01-04,5.421940326690674,5.52424108757163,5.319639565809718,5.52424108757163,60850
2001-01-05,5.421940326690674,5.575391468012108,5.421940326690674,5.52424108757163,4950
2001-01-08,5.37078857421875,5.473089308965774,5.37078857421875,5.421938941592262,19850
2001-01-09,5.626541614532471,5.626541614532471,5.473090479590676,5.473090479590676,11400
2001-01-10,5.575390815734863,5.575390815734863,5.473090066822297,5.575390815734863,52900
2001-01-11,5.473090648651123,5.473090648651123,5.370789888863252,5.421940268757187,15700
2001-01-12,5.37078857421875,5.473089308965774,5.37078857421875,5.37078857421875,11050
2001-01-16,5.37078857421875,5.421938941592262,5.319638206845238,5.319638206845238,6300
2001-01-17,5.319638729095459,5.4219394738857565,5.319638729095459,5.4219394738857565,7050
2001-01-18,5.319638729095459,5.319638729095459,5.2173379843051615,5.26848835670031,26050
2001-01-19,5.319638729095459,5.370789101490607,5.2173379843051615,5.370789101490607,33450
2001-01-22,5.319638729095459,5.319638729095459,5.2173379843051615,5.319638729095459,10300
2001-01-23,5.319638729095459,5.319638729095459,5.2173379843051615,5.2173379843051615,7200
2001-01-24,5.319638729095459,5.319638729095459,5.166187611910013,5.26848835670031,21450
2001-01-25,5.268489360809326,5.319639742953106,5.217338978665546,5.268489360809326,9350
2001-01-26,5.217338562011719,5.268488940070657,5.115037805893842,5.268488940070657,17950
2001-01-29,5.278719902038574,5.319640368665366,5.221431717056856,5.221431717056856,10200
2001-01-30,5.368743419647217,5.385111524361985,5.254166686643838,5.254166686643838,17700
2001-01-31,5.442399501800537,5.499687667029725,5.426031398842719,5.426031398842719,15850
2001-02-01,5.42603063583374,5.475134937802144,5.417846390382522,5.475134937802144,11150
2001-02-02,5.42603063583374,5.434214491038656,5.3769263338653355,5.42603063583374,8250
2001-02-05,5.336007595062256,5.401480018643344,5.262350923410318,5.401480018643344,28100
2001-02-06,5.28690242767334,5.352374840731799,5.24598197438862,5.24598197438862,28200
2001-02-07,5.22143030166626,5.262350366954221,5.2132460544608366,5.2541665099951835,13500
2001-02-08,5.360559940338135,5.409664257944346,5.319639480543079,5.360559940338135,6450
2001-02-09,5.319638729095459,5.401479246878423,5.311454482193977,5.393295390223312,12800
2001-02-12,5.42603063583374,5.491503038458279,5.319637786445713,5.417846390382522,16750
2001-02-13,5.43421745300293,5.516058000891458,5.43421745300293,5.516058000891458,5000
2001-02-14,5.376929759979248,5.434217953655905,5.368745509313125,5.434217953655905,6000
2001-02-15,5.417847633361816,5.466951946595883,5.4014795289504605,5.4014795289504605,13800
2001-02-16,5.368743419647217,5.417847733791522,5.360559562413033,5.417847733791522,8700
2001-02-20,5.319638729095459,5.4505835575482005,5.319638729095459,5.368743039765237,14100
2001-02-21,5.303271293640137,5.37692796404719,5.303271293640137,5.303271293640137,11250
2001-02-22,5.22143030166626,5.303270822488568,5.2132460544608366,5.303270822488568,15600
2001-02-23,5.196876049041748,5.237796489605529,5.164139852689221,5.221428391429265,16600
2001-02-26,5.327824592590332,5.393297026682655,5.286904126159386,5.303272234682467,7550
2001-02-27,5.22143030166626,5.352375134981952,5.22143030166626,5.352375134981952,6100
2001-02-28,5.295085430145264,5.295085430145264,5.188692971208345,5.295085430145264,22950
2001-03-01,5.245983600616455,5.245983600616455,5.155959199877156,5.188695416554443,18900
2001-03-02,5.1641435623168945,5.196879782185264,5.131407342448524,5.1641435623168945,9600
2001-03-05,5.155957221984863,5.205061528163744,5.115036771712628,5.115036771712628,8750
2001-03-06,5.205062389373779,5.295086770473655,5.164141932330999,5.164141932330999,9800
2001-03-07,5.123221397399902,5.245981976818186,5.106852903881342,5.245981976818186,3400
2001-03-08,5.188694477081299,5.2132464400206056,5.164142123895578,5.2132464400206056,5050
2001-03-09,5.057749271392822,5.2132464684258695,5.057749271392822,5.172326399888594,41350
2001-03-12,4.82859468460083,4.992275701605743,4.82859468460083,4.951355642477678,17800
2001-03-13,4.951356410980225,4.951356410980225,4.787674978323907,4.787674978323907,21800
2001-03-14,4.673098564147949,4.861331970751412,4.6649143163516875,4.853147722955151,19600
2001-03-15,4.81222677230835,4.902251140081224,4.81222677230835,4.902251140081224,12100
2001-03-16,4.664914608001709,4.754939388156858,4.656730749940207,4.754939388156858,10750
2001-03-19,4.5912580490112305,4.623994259786114,4.509417522074021,4.623994259786114,11200
2001-03-20,4.533969402313232,4.689466595780213,4.533969402313232,4.533969402313232,13650
2001-03-21,4.550337314605713,4.615809732186942,4.517601105815098,4.517601105815098,55550
2001-03-22,4.337550163269043,4.50123113951661,4.173868796775246,4.4930468955811165,65400
2001-03-23,4.52578592300415,4.5830741004780196,4.501233568196463,4.5176016746527745,36550
2001-03-26,4.542154788970947,4.615811085217469,4.525786679777664,4.525786679777664,15050
2001-03-27,4.542154788970947,4.542154788970947,4.460313852758024,4.542154788970947,24650
2001-03-28,4.296631813049316,4.419392800042867,4.296631813049316,4.419392800042867,18600
2001-03-29,4.296631813049316,4.394840446545589,4.173870826055767,4.394840446545589,22350
2001-03-30,4.4193925857543945,4.452128795332498,4.329367814291409,4.345735919080461,16800
2001-04-02,4.296631813049316,4.362104235380165,4.222975142803903,4.2557113539693265,11250
2001-04-03,4.124765396118164,4.362103058138138,4.108397294952867,4.362103058138138,22000
2001-04-04,4.182054042816162,4.362103159831925,4.182054042816162,4.362103159831925,31550
2001-04-05,4.574889659881592,4.583073516944529,4.345735808423489,4.419392473221878,24650
2001-04-06,4.4193925857543945,4.452128795332498,4.362104023869513,4.452128795332498,10450
2001-04-09,4.17387056350708,4.22297487716641,4.100214288141281,4.100214288141281,41200
2001-04-10,4.296631813049316,4.345736129797452,4.206607037221191,4.239343248386614,18650
2001-04-11,4.288447856903076,4.362104532159787,4.288447856903076,4.2966321053744645,63650
2001-04-12,4.231158256530762,4.296630661311333,4.198422054140476,4.214790155335619,15900
2001-04-16,4.17387056350708,4.280263438225495,4.17387056350708,4.2557110862726315,15250
2001-04-17,4.141134262084961,4.182054717678718,4.124766157896735,4.157502366273187,3600
2001-04-18,4.4193925857543945,4.4603126526038235,4.214791080768046,4.214791080768046,29800
2001-04-19,4.386655807495117,4.443943971706824,4.33755149949379,4.419392012829336,27350
2001-04-20,4.370288848876953,4.452129383636615,4.313000279421963,4.452129383636615,7200
2001-04-23,4.386655807495117,4.403023910162227,4.33755149949379,4.33755149949379,4250
2001-04-24,4.4193925857543945,4.493048862181927,4.4030244809653425,4.4193925857543945,26600
2001-04-25,4.435760974884033,4.435760974884033,4.345736197650291,4.345736197650291,10050
2001-04-26,4.4193925857543945,4.4193925857543945,4.353920166598187,4.3866563761762905,19950
2001-04-27,4.501233100891113,4.501233100891113,4.411208329604299,4.452128786620051,2750
2001-04-30,4.509416580200195,4.591257090043523,4.509416580200195,4.583072843936023,13650
2001-05-01,4.5912580490112305,4.5912580490112305,4.542153732848905,4.5912580490112305,12300
2001-05-02,4.558521747589111,4.599441815120803,4.558521747589111,4.583073710058845,11950
2001-05-03,4.468496799468994,4.550337321570801,4.435760590628271,4.550337321570801,10250
2001-05-04,4.533969402313232,4.550337507402051,4.403024561602684,4.419392666691502,16350
2001-05-07,4.517601013183594,4.542153364396315,4.4603124538515,4.53396911724328,5550
2001-05-08,4.443944931030273,4.49304924963185,4.435761073053228,4.49304924963185,7000
2001-05-09,4.378471851348877,4.403024202100636,4.370287994595874,4.378471851348877,12400
2001-05-10,4.45212984085083,4.493049917309748,4.435761732217965,4.435761732217965,15450
2001-05-11,4.493048191070557,4.493048191070557,4.460311986382149,4.484864335021626,11100
2001-05-14,4.443944931030273,4.443944931030273,4.3948406124286965,4.443944931030273,2750
2001-05-15,4.411207675933838,4.443943880596898,4.403023819891244,4.403023819891244,12600
2001-05-16,4.493048191070557,4.493048191070557,4.362103372316926,4.3948395770053335,14950
2001-05-17,4.45212984085083,4.493049917309748,4.427577482778286,4.427577482778286,14200
2001-05-18,4.427575588226318,4.435759834163973,4.37847128333937,4.386655529277024,13350
2001-05-21,4.45212984085083,4.493049917309748,4.394841265512555,4.394841265512555,20150
2001-05-22,4.411207675933838,4.443943880596898,4.386655717559714,4.403023819891244,64400
2001-05-23,4.411207675933838,4.476680085259956,4.411207675933838,4.4684962292173624,13300
2001-05-24,4.476681709289551,4.476681709289551,4.443945492750601,4.468497850278055,7250
2001-05-25,4.403022766113281,4.460310915439659,4.386654667699139,4.460310915439659,30450
2001-05-29,4.403022766113281,4.435758962941568,4.353918470870852,4.427574718611372,5100
2001-05-30,4.337550163269043,4.337550163269043,4.2966297240840365,4.337550163269043,2850
2001-05-31,4.370288848876953,4.378472707229693,4.345736493325828,4.345736493325828,2800
2001-06-01,4.337550163269043,4.3866544561433125,4.30481396801953,4.370286358518556,3450
2001-06-04,4.370288848876953,4.3948408141816255,4.36210460027776,4.386656955828886,4400
2001-06-05,4.4193925857543945,4.435760690543447,4.378472128658564,4.394840233447616,14200
2001-06-06,4.411207675933838,4.427575778265368,4.403023819891244,4.419391922222774,11950
2001-06-07,4.427575588226318,4.443943689855302,4.41939173253499,4.41939173253499,9900
2001-06-08,4.501233100891113,4.501233100891113,4.468496891377072,4.468496891377072,52450
2001-06-11,4.435760974884033,4.476681044356515,4.435760974884033,4.476681044356515,6700
2001-06-12,4.435760974884033,4.435760974884033,4.353920445692643,4.427576726841681,4500
2001-06-13,4.386655807495117,4.460312074373934,4.386655807495117,4.443943971706824,29050
2001-06-14,4.353919982910156,4.403024295205644,4.353919982910156,4.353919982910156,5000
2001-06-15,4.435760974884033,4.5012333982371455,4.3866566573691985,4.419392869045755,16750
2001-06-18,4.435760974884033,4.5012333982371455,4.419392869045755,4.493049150194794,9150
2001-06-19,4.45212984085083,4.493049917309748,4.443945591411151,4.45212984085083,8500
2001-06-20,4.403022766113281,4.435758962941568,4.394838521783085,4.403022766113281,11050
2001-06-21,4.435760974884033,4.443944832679959,4.394840515165125,4.394840515165125,7950
2001-06-22,4.460311412811279,4.484863758293463,4.460311412811279,4.484863758293463,2400
2001-06-25,4.411207675933838,4.443943880596898,4.394839573602308,4.435760024554304,7950
2001-06-26,4.403022766113281,4.419390864527425,4.403022766113281,4.403022766113281,5500
2001-06-27,4.362105846405029,4.419394432225709,4.353921985714398,4.403026320597881,19350
2001-06-28,4.435760974884033,4.435760974884033,4.378472409326847,4.3866566573691985,8300
2001-06-29,4.443944931030273,4.443944931030273,4.427576824829748,4.443944931030273,12450
2001-07-02,4.378471851348877,4.386656098348255,4.370287994595874,4.386656098348255,13450
2001-07-03,4.378471851348877,4.419392305853018,4.3539198908434935,4.3539198908434935,2850
2001-07-05,4.304815292358398,4.33755149767892,4.304815292358398,4.33755149767892,5300
2001-07-06,4.22297477722168,4.247527128593465,4.190238568890224,4.247527128593465,12850
2001-07-09,4.231158256530762,4.231158256530762,4.157501606029461,4.157501606029461,21100
2001-07-10,4.206606864929199,4.280263532157822,4.206606864929199,4.24752732233319,19300
2001-07-11,4.157503604888916,4.21479218173848,4.149319745479836,4.198424072673819,12200
2001-07-12,4.272079944610596,4.272079944610596,4.198423656248553,4.22297562228708,55750
2001-07-13,4.206606864929199,4.206606864929199,4.165686797771611,4.198423007596243,2850
2001-07-16,4.17387056350708,4.17387056350708,4.116582392694391,4.15750245895397,5450
2001-07-17,4.100215435028076,4.157503621865061,4.100215435028076,4.100215435028076,9850
2001-07-18,3.9856374263763428,4.092030308044644,3.9774535686883925,4.092030308044644,25000
2001-07-19,4.059292793273926,4.100213239312507,4.034740447601518,4.051108547967691,4400
2001-07-20,4.067478656768799,4.132951480808884,4.067478656768799,4.12476723146144,4050
2001-07-23,4.0265583992004395,4.10021507902006,4.0265583992004395,4.10021507902006,12350
2001-07-24,4.067478656768799,4.067478656768799,4.018374331423602,4.018374331423602,20550
2001-07-25,4.214791297912598,4.214791297912598,4.026557888017583,4.092030310546907,1948150
2001-07-26,4.198423385620117,4.247527704778392,4.190239137303852,4.247527704778392,30850
2001-07-27,4.190237522125244,4.198421767286791,4.190237522125244,4.198421767286791,100
2001-07-30,4.255712509155273,4.280264869317133,4.222976289103812,4.280264869317133,6350
2001-07-31,4.304815292358398,4.345735353885875,4.288446799451788,4.288446799451788,22000
2001-08-01,4.386655807495117,4.386655807495117,4.33755149949379,4.34573535570417,12350
2001-08-02,4.3293681144714355,4.394840538167223,4.296631902623542,4.362104326319329,15150
2001-08-03,4.370288848876953,4.370288848876953,4.255711709966973,4.321184528021155,157300
2001-08-06,4.3293681144714355,4.378472432243276,4.3293681144714355,4.35392046848057,61900
2001-08-07,4.378471851348877,4.386656098348255,4.3293675400917335,4.386656098348255,30800
2001-08-08,4.296631813049316,4.394840446545589,4.296631813049316,4.353920377712019,22050
2001-08-09,4.353919982910156,4.353919982910156,4.2638952152452365,4.288447176269788,12550
2001-08-10,4.3293681144714355,4.378472432243276,4.3293681144714355,4.35392046848057,2400
2001-08-13,4.337550163269043,4.3866544561433125,4.337550163269043,4.3866544561433125,4800
2001-08-14,4.378471851348877,4.394839955101258,4.345735643844114,4.345735643844114,7950
2001-08-15,4.386655807495117,4.403023910162227,4.3784715610383875,4.403023910162227,7400
2001-08-16,4.321184158325195,4.3702884749799065,4.312999910426201,4.3702884749799065,14650
2001-08-17,4.312998294830322,4.386654937344731,4.304814440243318,4.312998294830322,6500
2001-08-20,4.272079944610596,4.329368515777931,4.255711837169423,4.255711837169423,19100
2001-08-21,4.312998294830322,4.386654937344731,4.312998294830322,4.36210259309117,4250
2001-08-22,4.337550163269043,4.3866544561433125,4.321182065644286,4.362102114583063,7800
2001-08-23,4.362105846405029,4.362105846405029,4.313001511521546,4.313001511521546,15650
2001-08-24,4.388453483581543,4.413154145331288,4.347286237470234,4.347286237470234,7100
2001-08-27,4.380218029022217,4.4296189355303035,4.34728409135016,4.34728409135016,11650
2001-08-28,4.371983528137207,4.396684173059269,4.363750241565475,4.371983528137207,8700
2001-08-29,4.330817222595215,4.363751161028345,4.330817222595215,4.363751161028345,3000
2001-08-30,4.223781108856201,4.355516843328557,4.223781108856201,4.3225829097104675,5750
2001-08-31,4.322582721710205,4.396684265429767,4.289648789524498,4.322582721710205,10450
2001-09-04,4.363750457763672,4.396684390889149,4.314349165472005,4.388450711306054,18450
2001-09-05,4.388453483581543,4.404920460546807,4.363753214435498,4.363753214435498,1550
2001-09-06,4.273180961608887,4.363749453155287,4.223780073293585,4.330815527611753,10100
2001-09-07,4.182614803314209,4.24024940146826,4.133213887440841,4.223782429510472,14400
2001-09-10,4.133212566375732,4.215547399848664,4.1167455996811455,4.1167455996811455,15900
2001-09-17,3.7215380668640137,3.828573548419344,3.6721371659777367,3.828573548419344,20500
2001-09-18,3.581568479537964,3.8038727191616046,3.4992336486779934,3.556868226581694,29300
2001-09-19,3.523935079574585,3.7462393687404996,3.4333665491429812,3.5404020494163735,28500
2001-09-20,3.5321671962738037,3.5321671962738037,3.4580656602697633,3.5239339103863547,13050
2001-09-21,3.136960744857788,3.416899628829469,3.136960744857788,3.211062306521712,28150
2001-09-24,3.3592653274536133,3.4580671564719974,3.318098094997738,3.400432952513058,20750
2001-09-25,3.383965253829956,3.4498331256878703,3.3427976376170174,3.3427976376170174,7650
2001-09-26,3.416900157928467,3.4498341031891697,3.2357632626928043,3.3510322674070614,8500
2001-09-27,3.3427975177764893,3.4498330020100805,3.318097263017027,3.318097263017027,10650
2001-09-28,3.4251325130462646,3.499234065958502,3.392198576774934,3.4580664493175948,7600
2001-10-01,3.581568479537964,3.581568479537964,3.5074673280657116,3.5074673280657116,3250
2001-10-02,3.606269359588623,3.6392032940740786,3.5486347779373415,3.589802392345895,8950
2001-10-03,3.598036766052246,3.598036766052246,3.5486358494080115,3.573336504031922,15850
2001-10-04,3.6968374252319336,3.6968374252319336,3.639203237086632,3.6556702040714986,3850
2001-10-05,3.6309702396392822,3.69683811995691,3.6309702396392822,3.69683811995691,3700
2001-10-08,3.565101146697998,3.663902933568273,3.4992332887844815,3.622735718674026,10150
2001-10-09,3.606269359588623,3.6803705158791646,3.5486347779373415,3.6803705158791646,19600
2001-10-10,3.5898027420043945,3.647436936665967,3.5898027420043945,3.5898027420043945,6150
2001-10-11,3.705071210861206,3.705071210861206,3.663903595921359,3.688604243405962,4450
2001-10-12,3.6803698539733887,3.7380044252592293,3.6062687110097613,3.639202639572128,6650
2001-10-15,3.746238946914673,3.746238946914673,3.639203458693457,3.738005266619125,18200
2001-10-16,3.7874064445495605,3.8285740637982517,3.7050715986556924,3.713305279546836,19750
2001-10-17,3.7544729709625244,3.8368078270487187,3.7544729709625244,3.779173624090164,12500
2001-10-18,3.705071210861206,3.762705793256297,3.6968375308318473,3.746238825801053,7350
2001-10-19,3.598036766052246,3.688605309535136,3.598036766052246,3.688605309535136,12050
2001-10-22,3.6145026683807373,3.6721372503744054,3.5898024136716438,3.5898024136716438,3550
2001-10-23,3.6968374252319336,3.7462387187899946,3.688604138041231,3.688604138041231,11800
2001-10-24,3.738004446029663,3.738004446029663,3.696836838796256,3.705070517284297,7700
2001-10-25,3.672137975692749,3.746239539663463,3.663904294094426,3.688604946285847,11600
2001-10-26,3.705071210861206,3.7380051457716945,3.705071210861206,3.7297718583458086,2700
2001-10-29,3.598036766052246,3.696838599340716,3.589803476246667,3.6803716271259708,27250
2001-10-30,3.5733351707458496,3.622736068957576,3.573335170745849,3.5815684574794173,7700
2001-10-31,3.548635244369507,3.5815691831837952,3.4992343361480738,3.5815691831837952,75900
2001-11-01,3.5157012939453125,3.5404019442762196,3.4663003858870165,3.5404019442762196,14250
2001-11-02,3.499234199523926,3.5733357552646123,3.474533550075862,3.5239348489719893,8900
2001-11-05,3.54040265083313,3.54040265083313,3.4663010776555017,3.482768050294575,9550
2001-11-06,3.5321671962738037,3.5404008747646523,3.48276630313891,3.5321671962738037,23300
2001-11-07,3.4910006523132324,3.5157013027056885,3.4251327747380422,3.4663003945242954,35750
2001-11-08,3.458066701889038,3.5486352295519157,3.4498334135216044,3.5074680025077116,51000
2001-11-09,3.548635244369507,3.565102213776651,3.4663003973337854,3.4745336857355977,12150
2001-11-12,3.548635244369507,3.565102213776651,3.4168994891123523,3.4663003973337854,21400
2001-11-13,3.598036766052246,3.630970710481736,3.5157019049785214,3.5157019049785214,25800
2001-11-14,3.598036766052246,3.630970710481736,3.5404025596024318,3.6227374206761565,18000
2001-11-15,3.6968374252319336,3.7462387187899946,3.6474365242773343,3.705071105026098,12650
2001-11-16,3.705071210861206,3.7380051457716945,3.6474366284661146,3.6968375308318473,28200
2001-11-19,3.779172658920288,3.787405946124412,3.770938979112702,3.770938979112702,65650
2001-11-20,3.7133054733276367,3.7791733534800813,3.7133054733276367,3.7133054733276367,25950
2001-11-21,3.7133054733276367,3.7709396721592587,3.688604821968703,3.721538762044925,5500
2001-11-23,3.7874064445495605,3.7874064445495605,3.7462392179043835,3.7791731562619306,22150
2001-11-26,3.853273868560791,3.8697408358049348,3.7462387777755923,3.7462387777755923,43300
2001-11-27,3.8862082958221436,3.919142627089987,3.754472541164839,3.8615080381256575,25650
2001-11-28,3.779172658920288,3.8203398801478317,3.713304790873449,3.8121065929437075,11550
2001-11-29,3.8038737773895264,3.8038737773895264,3.721538923624211,3.7791735175617074,9950
2001-11-30,3.7544729709625244,3.8368078270487187,3.7215390285280465,3.746239681655686,7150
2001-12-03,3.8697409629821777,3.8697409629821777,3.770939156270241,3.770939156270241,2250
2001-12-04,4.04264497756958,4.04264497756958,3.9191428954242267,3.9191428954242267,17800
2001-12-05,4.248481273651123,4.248481273651123,4.042643996554019,4.11674554194208,21050
2001-12-06,4.248481273651123,4.256714953184662,4.199080374260232,4.248481273651123,75250
2001-12-07,4.264948844909668,4.2731825256107925,4.199080969714693,4.199080969714693,13950
2001-12-10,4.264948844909668,4.264948844909668,4.17438071281833,4.215547938513437,48150
2001-12-11,4.141447067260742,4.2649491456584885,4.133213385979008,4.190847977140547,37450
2001-12-12,4.182614803314209,4.199081775271997,4.141447569721526,4.1579145416793155,7700
2001-12-13,4.1085124015808105,4.11674608219488,4.026177558457613,4.11674608219488,27050
2001-12-14,4.034409999847412,4.10851113959536,4.026176321762429,4.075577212462187,30950
2001-12-17,4.083812236785889,4.157913793564976,4.083812236785889,4.1002792057808515,29000
2001-12-18,4.157913684844971,4.190847621973749,4.100279098567859,4.141446716280582,87900
2001-12-19,4.149679660797119,4.2073142423038865,4.100278759192804,4.190847275102448,15950
2001-12-20,4.075578689575195,4.157913929852288,4.067345401109599,4.116746309713742,11500
2001-12-21,4.075578689575195,4.108512628644624,4.067345401109599,4.075578689575195,19300
2001-12-24,4.133684158325195,4.141984523075386,4.100481907720338,4.141984523075386,5050
2001-12-26,4.100479602813721,4.141982194839888,4.100479602813721,4.133681834755384,5950
2001-12-27,4.19178581237793,4.19178581237793,4.1004794793858395,4.1004794793858395,30600
2001-12-28,4.158583641052246,4.2415892195978175,4.15028288529678,4.15028288529678,13100
2001-12-31,4.2083868980407715,4.241589128747846,4.1751846673336965,4.233288373170172,32050
2002-01-02,4.19178581237793,4.241589158791302,4.175184696906805,4.1834850567414605,8650
2002-01-03,4.324595928192139,4.382700046257982,4.2498906900791855,4.2498906900791855,19500
2002-01-04,4.440803527832031,4.449104285306649,4.3328960554734035,4.399300927864645,36900
2002-01-07,4.4574055671691895,4.490607812318153,4.399301836059495,4.482307448931904,32550
2002-01-08,4.440803527832031,4.490606885274035,4.407601289537362,4.407601289537362,44300
2002-01-09,4.399301052093506,4.474005892465101,4.382699932477384,4.474005892465101,78300
2002-01-10,4.449104309082031,4.449104309082031,4.349497197863834,4.357797955382811,43800
2002-01-11,4.474004745483398,4.482305501064387,4.349496182381258,4.415901039623727,39800
2002-01-14,4.474004745483398,4.5570103222842215,4.415901039623727,4.432502154983892,112950
2002-01-15,4.49060583114624,4.540409176897374,4.440802485395106,4.482305471421955,15650
2002-01-16,4.366097927093506,4.440802752309434,4.307993822323933,4.349496415043486,31900
2002-01-17,4.432502746582031,4.432502746582031,4.291393049286069,4.291393049286069,52800
2002-01-18,4.4242024421691895,4.432503199706632,4.3494972075398275,4.432503199706632,7850
2002-01-22,4.307993412017822,4.424201214687159,4.2996926567834,4.341195641351918,340500
2002-01-23,4.374397277832031,4.382698031941467,4.299692074054076,4.299692074054076,19800
2002-01-24,4.399301052093506,4.440803653232856,4.374399174768366,4.374399174768366,39250
2002-01-25,4.573612213134766,4.598513690341359,4.532109223387986,4.532109223387986,28750
2002-01-28,4.7396240234375,4.772826261417995,4.64831767109019,4.71472214705118,55450
2002-01-29,4.681519508361816,4.806028088032464,4.573612442062328,4.772825852893873,41500
2002-01-30,4.673218250274658,4.681518609564802,4.507206710652121,4.623414907128433,31650
2002-01-31,4.756224632263184,4.789426866682324,4.66491828970962,4.756224632263184,21650
2002-02-01,4.7811279296875,4.839231659322011,4.689821559945017,4.814330173993499,20750
2002-02-04,4.656618595123291,4.731323435351769,4.5736129972017,4.731323435351769,75200
2002-02-05,4.615115642547607,4.656618639807617,4.573613041089514,4.656618639807617,36250
2002-02-06,4.648317813873291,4.756225288525459,4.631716694373104,4.648317813873291,29450
2002-02-07,4.581912994384766,4.681519703962246,4.565311876121853,4.590213751417163,504250
2002-02-08,4.656618595123291,4.681520076598813,4.565312239508584,4.67321971470761,15250
2002-02-11,4.7147216796875,4.723022436260731,4.57361238015931,4.681519444998296,7800
2002-02-12,4.706421852111816,4.723022971337178,4.62341625598501,4.714722213823546,9450
2002-02-13,4.631715297698975,4.70642051082373,4.6234149383527745,4.70642051082373,32300
2002-02-14,4.772825241088867,4.789426356530147,4.723021894765027,4.73132225458476,16250
2002-02-15,4.656618595123291,4.781127189906635,4.656618595123291,4.781127189906635,21800
2002-02-19,4.53210973739624,4.598514211880863,4.449104144290462,4.523808980184718,31950
2002-02-20,4.498907566070557,4.581913160392507,4.482306447206167,4.540410165330584,36000
2002-02-21,4.548710346221924,4.565311462982513,4.490606239658937,4.540409589940706,6850
2002-02-22,4.440803527832031,4.515508761895989,4.424202408684696,4.482306523601319,13350
2002-02-25,4.474004745483398,4.482305501064387,4.374398053322411,4.424201399402905,26550
2002-02-26,4.399301052093506,4.474005892465101,4.382699932477384,4.440803653232856,11200
2002-02-27,4.52380895614624,4.52380895614624,4.4408033634815345,4.507207837613299,249150
2002-02-28,4.573612213134766,4.590213329873109,4.4740051169028625,4.548710340126329,33650
2002-03-01,4.664918422698975,4.664918422698975,4.57361247334428,4.57361247334428,20600
2002-03-04,4.872433185577393,4.905635424990376,4.797728344799136,4.797728344799136,572050
2002-03-05,4.814329624176025,4.864132984947262,4.756225505375285,4.864132984947262,151400
2002-03-06,4.872433185577393,4.872433185577393,4.781127225092644,4.8558320658709,49100
2002-03-07,4.7811279296875,4.872433903628011,4.7811279296875,4.814330173993499,29050
2002-03-08,4.872433185577393,4.880733943331595,4.814329464505628,4.814329464505628,57200
2002-03-11,4.847531318664551,4.897334673825941,4.764525330927018,4.847531318664551,19750
2002-03-12,4.698121547698975,4.772826789318848,4.698121547698975,4.698121547698975,19250
2002-03-13,4.756224632263184,4.772825749472753,4.6815194069191906,4.756224632263184,16200
2002-03-14,4.7396240234375,4.847531494775058,4.7396240234375,4.847531494775058,8300
2002-03-15,4.814329624176025,4.8226299864036015,4.698121386574545,4.814329624176025,35650
2002-03-18,4.7230224609375,4.847531039573477,4.7230224609375,4.822629165525537,32150
2002-03-19,4.797727584838867,4.8558312967070005,4.764524954883266,4.822629062553252,27100
2002-03-20,4.814329624176025,4.8475318646901835,4.772826625632364,4.8475318646901835,12150
2002-03-21,4.8060302734375,4.839232523673866,4.731325012504654,4.839232523673866,27900
2002-03-22,4.747923851013184,4.814328715307243,4.71472161676708,4.814328715307243,62800
2002-03-25,4.698121547698975,4.78942791014527,4.689821185186734,4.73132378935182,13400
2002-03-26,4.615115642547607,4.806028717500203,4.606815280576755,4.656618639807617,1020950
2002-03-27,4.640017509460449,4.7230231079888645,4.5902141503433995,4.7230231079888645,21850
2002-03-28,4.706421852111816,4.714722213823546,4.648317736922101,4.698121094598185,7600
2002-04-01,4.681519508361816,4.706421382616692,4.573612442062328,4.681519508361816,15150
2002-04-02,4.681519508361816,4.681519508361816,4.615115038084634,4.681519508361816,19450
2002-04-03,4.606815814971924,4.681520664583095,4.606815814971924,4.615116177905627,3750
2002-04-04,4.623415946960449,4.640017065076209,4.5736125926131725,4.615115190001632,55750
2002-04-05,4.656618595123291,4.664918957014494,4.5736129972017,4.581913359092903,8000
2002-04-08,4.640017509460449,4.648317871412334,4.532110033472551,4.532110033472551,16550
2002-04-09,4.573612213134766,4.648317040556388,4.548710340126329,4.648317040556388,21350
2002-04-10,4.4574055671691895,4.474006689743671,4.415902958633977,4.415902958633977,71950
2002-04-11,4.432502746582031,4.532109452037346,4.415901629006145,4.482306099309689,12250
2002-04-12,4.540409564971924,4.548710321207493,4.474005098294738,4.474005098294738,14700
2002-04-15,4.50720739364624,4.590213373936612,4.50720739364624,4.523808510543946,21400
2002-04-16,4.640017509460449,4.648317871412334,4.523809275718753,4.523809275718753,47850
2002-04-17,4.648317813873291,4.664918933373477,4.615115574872918,4.656618571524339,20400
2002-04-18,4.50720739364624,4.63171596827995,4.482305916200607,4.565311500689131,117200
2002-04-19,4.557011604309082,4.581913482255884,4.490607124186839,4.540410484278521,5150
2002-04-22,4.515509128570557,4.5819136105521645,4.507208370421889,4.57361324820543,30950
2002-04-23,4.557011604309082,4.581913482255884,4.5155090021336415,4.5155090021336415,39200
2002-04-24,4.581912994384766,4.590213751417163,4.507207764300715,4.507207764300715,12000
2002-04-25,4.540409564971924,4.590213310781655,4.523808448302628,4.523808448302628,18000
2002-04-26,4.540409564971924,4.590213310781655,4.532109204538196,4.532109204538196,8200
2002-04-29,4.53210973739624,4.557011217427029,4.49890750015393,4.49890750015393,13800
2002-04-30,4.565310478210449,4.565310478210449,4.4906052710013515,4.4906052710013515,31950
2002-05-01,4.548710346221924,4.557010706701297,4.5155081127007435,4.5155081127007435,17300
2002-05-02,4.557011604309082,4.590214240172125,4.532110122164202,4.590214240172125,29150
2002-05-03,4.581912994384766,4.590213751417163,4.548710757858939,4.548710757858939,44350
2002-05-06,4.53210973739624,4.581913093259707,4.523808980184718,4.548710856017396,7750
2002-05-07,4.557011604309082,4.581913482255884,4.5155090021336415,4.532110122164202,35200
2002-05-08,4.706421852111816,4.714722213823546,4.523809144830939,4.565312140795294,29350
2002-05-09,4.598515510559082,4.706423009971963,4.598515510559082,4.623417393424362,47400
2002-05-10,4.656618595123291,4.664918957014494,4.5736129972017,4.5736129972017,10400
2002-05-13,4.681519508361816,4.689820265047396,4.64001691233951,4.656618029908805,17750
2002-05-14,4.747923851013184,4.764524968136235,4.689820138983429,4.731322733890131,190600
2002-05-15,4.7147216796875,4.756224670949935,4.673219084226924,4.747923914376705,82600
2002-05-16,4.640017509460449,4.756225347400231,4.615115632000967,4.698121230529383,179650
2002-05-17,4.7230224609375,4.73962357836884,4.648317234595542,4.6566179912121415,35500
2002-05-20,4.706421852111816,4.714722213823546,4.6649188561474615,4.706421852111816,38950
2002-05-21,4.7230224609375,4.75622469580018,4.689820226074821,4.75622469580018,15050
2002-05-22,4.7147216796875,4.731322797032103,4.706421318916128,4.706421318916128,31000
2002-05-23,4.664918422698975,4.723022532489853,4.640016944075646,4.640016944075646,9600
2002-05-24,4.656618595123291,4.689820834291928,4.631716717845858,4.681520076598813,19450
2002-05-28,4.664918422698975,4.673219179441329,4.61511506965045,4.656618061758487,27350
2002-05-29,4.581912994384766,4.648317467436419,4.573612633154249,4.606814869680076,21200
2002-05-30,4.590214252471924,4.6068153725469685,4.565312374458395,4.573613132396879,21800
2002-05-31,4.590214252471924,4.6068153725469685,4.565312374458395,4.590214252471924,32200
2002-06-03,4.4574055671691895,4.590214943567027,4.44910520378294,4.581914184378794,16750
2002-06-04,4.49060583114624,4.557010292147752,4.482305471421955,4.548709932423467,20400
2002-06-05,4.548710346221924,4.590213336024321,4.465704762418974,4.465704762418974,20000
2002-06-06,4.49060583114624,4.581912162924223,4.4491032409211995,4.557010292147752,26050
2002-06-07,4.46570348739624,4.490604957526474,4.4242005094435415,4.432501263354774,10150
2002-06-10,4.52380895614624,4.532109713313654,4.474005600547417,4.4823063577148305,16400
2002-06-11,4.540409564971924,4.55701068164122,4.465704737861011,4.507207331633331,30700
2002-06-12,4.46570348739624,4.557009405609406,4.457402733485008,4.507206069547207,23150
2002-06-13,4.53210973739624,4.557011217427029,4.457404505700096,4.457404505700096,16700
2002-06-14,4.349498271942139,4.399302037750882,4.274793414833026,4.36609979107972,29850
2002-06-17,4.3328962326049805,4.3328962326049805,4.233289513648985,4.3245958705929395,12950
2002-06-18,4.299694538116455,4.349497903909082,4.249891172323828,4.349497903909082,15050
2002-06-19,4.166884899139404,4.249890495576064,4.150283779852072,4.208387895258687,40500
2002-06-20,4.200087070465088,4.283092665572719,4.175185589833748,4.241590065919852,11000
2002-06-21,4.158583641052246,4.283091810969694,4.158583641052246,4.200086232424122,20950
2002-06-24,4.166884899139404,4.299693853438061,4.15858453739669,4.299693853438061,17350
2002-06-25,4.274791717529297,4.349496544976898,4.2000864942798515,4.307993951017529,60550
2002-06-26,4.2332892417907715,4.2332892417907715,4.1253817719505435,4.150283647991324,51500
2002-06-27,4.2332892417907715,4.316294835590219,4.191786642791993,4.191786642791993,4800
2002-06-28,4.374397277832031,4.374397277832031,4.274790603329251,4.291391715746381,14100
2002-07-01,4.291392803192139,4.341196153063777,4.224988336696621,4.299693163603158,14600
2002-07-02,4.241591453552246,4.291394826909948,4.158585831289409,4.291394826909948,4400
2002-07-03,4.307993412017822,4.366097511253388,4.2664904274493045,4.2747911826837255,13100
2002-07-05,4.557011604309082,4.557011604309082,4.4325034019808385,4.548711242194763,17650
2002-07-08,4.565310478210449,4.565310478210449,4.4075997051033315,4.4075997051033315,15400
2002-07-09,4.548710346221924,4.64001668630609,4.465704762418974,4.5985136965036935,19300
2002-07-10,4.557011604309082,4.640017600263808,4.490607124186839,4.6068153602026864,122050
2002-07-11,4.440803527832031,4.482306523601319,4.349497174620739,4.449104285306649,114200
2002-07-12,4.515509128570557,4.515509128570557,4.407601647449479,4.4740061294310856,5500
2002-07-15,4.540409564971924,4.565311437876789,4.399300271183825,4.565311437876789,53300
2002-07-16,4.498907566070557,4.565312041528117,4.482306447206167,4.523809046466194,21950
2002-07-17,4.4076008796691895,4.6068146867139745,4.399300518768333,4.523808702894226,145350
2002-07-18,4.440803527832031,4.557011361863375,4.440803527832031,4.557011361863375,19250
2002-07-19,4.366097927093506,4.440802752309434,4.324594938572121,4.399300159589881,15650
2002-07-22,4.166884899139404,4.482306561400619,4.15858453739669,4.366098726389294,202550
2002-07-23,4.18348503112793,4.390999171147378,4.175184671344094,4.324594709669444,37200
2002-07-24,4.399301052093506,4.399301052093506,4.009174147411758,4.02577526702788,43400
2002-07-25,4.2830915451049805,4.307993415023826,4.117080398318661,4.117080398318661,26200
2002-07-26,4.1419830322265625,4.224989024663908,4.07557855491821,4.125381912899474,4450
2002-07-29,4.200087070465088,4.274792303962904,4.042376241859641,4.042376241859641,24500
2002-07-30,4.224987983703613,4.324594675124862,4.125380896480556,4.258190214177363,6550
2002-07-31,4.075578212738037,4.216687913071854,4.067277851672333,4.216687913071854,22950
2002-08-01,4.1419830322265625,4.20838790533682,4.07557855491821,4.083879312482708,9800
2002-08-02,4.158583641052246,4.191785872470475,4.058976550995741,4.15028288529678,12800
2002-08-05,3.975971221923828,4.067277561953913,3.959370105173071,4.067277561953913,34200
2002-08-06,4.050678253173828,4.150284998136621,3.975972996550722,3.975972996550722,18650
2002-08-07,4.083878040313721,4.150282496936418,4.058976171179318,4.067276926158046,96600
2002-08-08,4.175185203552246,4.208387438523481,4.03407550702357,4.117081094451655,19000
2002-08-09,4.18348503112793,4.18348503112793,4.034074992802579,4.067277223541546,41300
2002-08-12,4.0340752601623535,4.108780086375212,3.992572271087114,4.108780086375212,43700
2002-08-13,4.117081165313721,4.249890107484529,4.117081165313721,4.166884518627773,63650
2002-08-14,4.224987983703613,4.274791329414238,4.125380896480556,4.183484997710522,12800
2002-08-15,4.224987983703613,4.2913924446511125,4.224987983703613,4.266490573894896,31300
2002-08-16,4.241591453552246,4.316296315687786,4.241591453552246,4.266492942330084,6500
2002-08-19,4.291392803192139,4.349496513474796,4.27479168656826,4.349496513474796,9000
2002-08-20,4.241591453552246,4.274793702457381,4.175186955741977,4.258192578004814,35600
2002-08-21,4.241591453552246,4.249891817877516,4.200088444519814,4.200088444519814,130150
2002-08-22,4.2581915855407715,4.316295309681408,4.241590464957456,4.274792706124087,148450
2002-08-23,4.200087070465088,4.316294903615771,4.191786708855274,4.23328930850814,9650
2002-08-26,4.2581915855407715,4.2581915855407715,4.150284103848253,4.208388223790824,8000
2002-08-27,4.175185203552246,4.266491151822209,4.175185203552246,4.200086681879741,9700
2002-08-28,4.133684158325195,4.241591670692005,4.125383397772957,4.175187169482291,5100
2002-08-29,4.125382900238037,4.208388912541427,4.125382900238037,4.208388912541427,2900
2002-08-30,4.1419830322265625,4.20838790533682,4.125381912899474,4.183486028445236,10500
2002-09-03,3.9178683757781982,4.067278870402391,3.9178683757781982,4.067278870402391,93650
2002-09-04,3.9510693550109863,3.967670470124402,3.92616748443996,3.942768599553376,19850
2002-09-05,3.901266098022461,3.95106984534524,3.8763646201629256,3.9095668545102087,8950
2002-09-06,4.025774002075195,4.025774002075195,3.909566201276402,3.909566201276402,12350
2002-09-09,3.901266098022461,3.984272079692523,3.901266098022461,3.984272079692523,3450
2002-09-10,3.9510693550109863,4.009173060007039,3.9178667289823497,4.009173060007039,5300
2002-09-11,3.9842710494995117,3.9842710494995117,3.901265089291885,3.951068823737162,5850
2002-09-12,3.868063449859619,3.9593697824473844,3.8348612190643974,3.9593697824473844,12850
2002-09-13,3.8265624046325684,3.868065011986613,3.8182616456805762,3.868065011986613,3350
2002-09-16,3.8929672241210938,3.8929672241210938,3.834863093921553,3.834863093921553,3450
2002-09-17,3.834862232208252,3.9427697087020306,3.834862232208252,3.9095674691350086,2350
2002-09-18,3.909567356109619,3.9261684754131925,3.809960640288179,3.9261684754131925,16300
2002-09-19,3.8016583919525146,3.8431613718374154,3.8016583919525146,3.8265602590438053,12300
2002-09-20,3.7767586708068848,3.809960911779971,3.7186545512030182,3.743556429833799,28300
2002-09-23,3.6937525272369385,3.7352555247212753,3.6771514074035876,3.7352555247212753,25900
2002-09-24,3.544342279434204,3.685451989178261,3.5277411603938384,3.685451989178261,17300
2002-09-25,3.5360422134399414,3.693752659607587,3.527741455324838,3.527741455324838,7700
2002-09-26,3.585843801498413,3.685450474811824,3.5443408230502906,3.5443408230502906,24550
2002-09-27,3.544342279434204,3.7020531082186268,3.5360419178149707,3.7020531082186268,8950
2002-09-30,3.685452461242676,3.710353945091871,3.536042370741657,3.544342733424072,26250
2002-10-01,3.585843801498413,3.6771497208015047,3.5526415770606095,3.668849362592922,15150
2002-10-02,3.569244623184204,3.6688513504669946,3.569244623184204,3.569244623184204,15300
2002-10-03,3.6439483165740967,3.652249072452819,3.5692434926747194,3.5692434926747194,12300
2002-10-04,3.577544689178467,3.6771514082001513,3.577544689178467,3.6522499263456893,22700
2002-10-07,3.610746383666992,3.610746383666992,3.5692437882420456,3.610746383666992,7650
2002-10-08,3.6937525272369385,3.7352555247212753,3.668851045387871,3.6854521652212218,26050
2002-10-09,3.602444887161255,3.7186526718369213,3.585843775064731,3.685450447643874,16450
2002-10-10,3.5360422134399414,3.6522500564378655,3.527741455324838,3.5941459370379376,14100
2002-10-11,3.6688499450683594,3.6688499450683594,3.5775436154675186,3.6688499450683594,9850
2002-10-14,3.552642822265625,3.5692439403032363,3.5028390723509175,3.5692439403032363,41400
2002-10-15,3.726954698562622,3.76845769528592,3.6854520976412344,3.751856575756983,16200
2002-10-16,3.660550117492676,3.7601572276667254,3.660550117492676,3.718654232110713,3150
2002-10-17,3.868063449859619,3.8763642054593306,3.8348612190643974,3.8348612190643974,6950
2002-10-18,3.8597631454467773,3.9095664923542546,3.8265609141751256,3.9095664923542546,29450
2002-10-21,3.834862232208252,3.834862232208252,3.8265618702174544,3.8265618702174544,2600
2002-10-22,3.7850592136383057,3.9178681838635945,3.7850592136383057,3.8265622147346847,6700
2002-10-23,3.909567356109619,3.909567356109619,3.80165988273544,3.8182610020390135,201900
2002-10-24,3.84316349029541,3.934469463089769,3.84316349029541,3.9178683411451614,6350
2002-10-25,4.025774002075195,4.034074757176003,3.909566201276402,3.909566201276402,38150
2002-10-28,3.9427690505981445,4.025774635660894,3.909566816573045,4.025774635660894,10300
2002-10-29,3.868063449859619,3.9344679114500622,3.7933586284712764,3.9012656806548405,13050
2002-10-30,3.868063449859619,3.8763642054593306,3.8348612190643974,3.8763642054593306,3650
2002-10-31,3.909567356109619,3.9759718333239125,3.8265617595917525,3.8680643599497335,15700
2002-11-01,3.884665012359619,3.9427691208396083,3.826561299681487,3.826561299681487,22100
2002-11-04,3.9344685077667236,4.009173736279366,3.834861800284448,3.834861800284448,10800
2002-11-05,3.84316349029541,3.934469463089769,3.834862731422122,3.834862731422122,5950
2002-11-06,3.8597631454467773,3.9593698392617322,3.8348612740921295,3.8348612740921295,11100
2002-11-07,3.7767586708068848,3.8597642732395996,3.7767586708068848,3.8182612741222757,8350
2002-11-08,3.743556261062622,3.818261101983172,3.743556261062622,3.751856623030721,2700
2002-11-11,3.677150249481201,3.809959562128717,3.6522487754735242,3.7020521192906704,26350
2002-11-12,3.7352561950683594,3.7767592000010253,3.6854528266303532,3.7601580771883567,25150
2002-11-13,3.8099594116210938,3.8099594116210938,3.6605489902701316,3.6605489902701316,30550
2002-11-14,3.818260669708252,3.818260669708252,3.6771509700087206,3.6771509700087206,10350
2002-11-15,3.7767586708068848,3.826562032266514,3.768457912662647,3.826562032266514,8950
2002-11-18,3.7352561950683594,3.801660686319034,3.7269554357610306,3.7767592000010253,7950
2002-11-19,3.7767586708068848,3.7767586708068848,3.702053430716475,3.726954913545323,4750
2002-11-20,3.7767586708068848,3.7850590331491896,3.702053430716475,3.726954913545323,17050
2002-11-21,3.8265624046325684,3.859764648836593,3.7435567941225067,3.801660523578564,29550
2002-11-22,3.909567356109619,3.9261684754131925,3.8265617595917525,3.90126659855688,30100
2002-11-25,3.8597631454467773,3.934467967907085,3.8348612740921295,3.9261676079900805,5000
2002-11-26,3.8265624046325684,3.8929668930406174,3.8182616456805762,3.859764648836593,13850
2002-11-27,3.7850592136383057,3.892966699847329,3.7850592136383057,3.818261456194628,20200
2002-11-29,3.7850592136383057,3.7933599721783624,3.7352558498038224,3.7435566083438787,12450
2002-12-02,3.726954698562622,3.868064412459543,3.726954698562622,3.8182610538727313,27350
2002-12-03,3.7020530700683594,3.8514631398919543,3.6937523127327676,3.8514631398919543,9100
2002-12-04,3.635648012161255,3.776757697845415,3.6190468959514615,3.6771506047848233,43450
2002-12-05,3.635648012161255,3.643948372365236,3.635648012161255,3.643948372365236,850
2002-12-06,3.569244623184204,3.6439494707453215,3.5609438646763296,3.635649108039398,13950
2002-12-09,3.552642822265625,3.6771510096467703,3.5443420653458824,3.577544301421104,20100
2002-12-10,3.635648012161255,3.7186535932102225,3.6190468959514615,3.6190468959514615,27900
2002-12-11,3.6937525272369385,3.7186544048879244,3.643949167736885,3.643949167736885,17050
2002-12-12,3.660550117492676,3.7767583467287507,3.660550117492676,3.660550117492676,16550
2002-12-13,3.685452461242676,3.7684580670765753,3.6273483392579715,3.74355658322738,34200
2002-12-16,3.685452461242676,3.7933599467277195,3.652250218909116,3.652250218909116,4400
2002-12-17,3.569244623184204,3.6439494707453215,3.569244623184204,3.602446865611801,13250
2002-12-18,3.5941450595855713,3.6273472923363332,3.5526424665480363,3.5526424665480363,21650
2002-12-19,3.6273481845855713,3.718654545010475,3.6107470641266737,3.6107470641266737,12150
2002-12-20,3.5609428882598877,3.6937518215538447,3.5609428882598877,3.643948471568611,12000
2002-12-23,3.6353416442871094,3.6776128150015706,3.6353416442871094,3.6437957171773596,8750
2002-12-24,3.7114288806915283,3.7114288806915283,3.618432089102805,3.6607032480618176,2200
2002-12-26,3.6184325218200684,3.6776122320661044,3.6184325218200684,3.62688659337027,7650
2002-12-27,3.6437954902648926,3.6691585136194047,3.6437954902648926,3.6437954902648926,4500
2002-12-30,3.7114288806915283,3.7114288806915283,3.618432089102805,3.6607032480618176,11300
2002-12-31,3.609977960586548,3.6437950522396485,3.601523889239038,3.6184324350655888,11100
2003-01-02,3.7114288806915283,3.7114288806915283,3.6015235448929017,3.6691577217325158,10100
2003-01-03,3.6268866062164307,3.711429337675599,3.6099780599245967,3.711429337675599,12950
2003-01-06,3.7114288806915283,3.7114288806915283,3.609977615432107,3.609977615432107,7100
2003-01-07,3.6015241146087646,3.660703827139168,3.601524114608765,3.618432661493388,9500
2003-01-08,3.652249813079834,3.6607038850902,3.6015241716229482,3.6015241716229482,17700
2003-01-09,3.6437954902648926,3.7198841571968497,3.6437954902648926,3.6607040381240408,11850
2003-01-10,3.669157028198242,3.7367911922538273,3.626885474097793,3.6437940151116894,85000
2003-01-13,3.821336030960083,3.880516159117557,3.812881957298525,3.880516159117557,16800
2003-01-14,3.8720591068267822,3.880513577996496,3.8382420284106735,3.880513577996496,12250
2003-01-15,3.8382441997528076,3.8720612972996653,3.779064077480005,3.8720612972996653,7650
2003-01-16,3.8382441997528076,3.8551527485262365,3.8044271022059495,3.829790126931894,13750
2003-01-17,3.8128817081451416,3.838244330604133,3.8128817081451416,3.838244330604133,2950
2003-01-21,3.8128817081451416,3.8128817081451416,3.7367930345049367,3.7706101332046686,14900
2003-01-22,3.745246171951294,3.79597180732827,3.736792100954222,3.79597180732827,14050
2003-01-23,3.8128817081451416,3.8128817081451416,3.7283385582641957,3.8128817081451416,28700
2003-01-24,3.770609140396118,3.8213347750895603,3.719883505702676,3.7283375765858286,10650
2003-01-27,3.6437954902648926,3.7029756093377015,3.61843287004196,3.7029756093377015,74550
2003-01-28,3.719883441925049,3.719883441925049,3.660703334231591,3.719883441925049,21400
2003-01-29,3.669157028198242,3.719882651239931,3.6353399461704496,3.6353399461704496,6800
2003-01-30,3.500072479248047,3.6607038784701453,3.500072479248047,3.593069689983275,19550
2003-01-31,3.500072479248047,3.5677066677349174,3.500072479248047,3.5677066677349174,5400
2003-02-03,3.5169804096221924,3.6099776040491713,3.5000718654656047,3.5000718654656047,4600
2003-02-04,3.508528232574463,3.6015254771897256,3.4916196792927523,3.4916196792927523,10100
2003-02-05,3.5169804096221924,3.5507974979353683,3.5169804096221924,3.5169804096221924,13250
2003-02-06,3.4916179180145264,3.53388907833009,3.4916179180145264,3.5000719888250367,16400
2003-02-07,3.500072479248047,3.5085269543746866,3.491618407252969,3.500072479248047,5400
2003-02-10,3.4493472576141357,3.5423444796656613,3.4408931845903306,3.4916188321279957,55150
2003-02-11,3.52543568611145,3.5592527821257716,3.5169812105420784,3.5507983065563997,8950
2003-02-12,3.550798177719116,3.5592526529817254,3.4493468933572142,3.4493468933572142,28500
2003-02-13,3.415529489517212,3.4493465812445874,3.381712397789836,3.4493465812445874,60450
2003-02-14,3.466254234313965,3.466254234313965,3.3901659990909896,3.4324371512967695,8200
2003-02-18,3.5169804096221924,3.5592519715794078,3.5169804096221924,3.5169804096221924,7250
2003-02-19,3.53389048576355,3.53389048576355,3.5254364115860573,3.5254364115860573,1800
2003-02-20,3.5592522621154785,3.601523827523254,3.542343716578673,3.5677063333181187,2400
2003-02-21,3.466254234313965,3.6015229695141753,3.466254234313965,3.5254343311597713,8200
2003-02-24,3.53389048576355,3.6015250948418234,3.5254364115860573,3.593070617532664,5800
2003-02-25,3.52543568611145,3.542344234118611,3.432438470506275,3.432438470506275,25150
2003-02-26,3.466254234313965,3.5423428726683692,3.466254234313965,3.5423428726683692,2700
2003-02-27,3.474709987640381,3.5507982509144895,3.466255512203493,3.466255512203493,4900
2003-02-28,3.466254234313965,3.466254234313965,3.466254234313965,3.466254234313965,6250
2003-03-03,3.4916179180145264,3.5000719888250367,3.4662548993199835,3.4662548993199835,2100
2003-03-04,3.466254234313965,3.5423428726683692,3.466254234313965,3.5423428726683692,5300
2003-03-05,3.5169804096221924,3.5169804096221924,3.4747092507964688,3.4747092507964688,19350
2003-03-06,3.3817121982574463,3.4916179414523754,3.3817121982574463,3.449346377721554,26050
2003-03-07,3.390166759490967,3.508526576598754,3.347895194672426,3.407075304792079,4900
2003-03-10,3.330986738204956,3.3732581025850665,3.3056239195768895,3.3732581025850665,2850
2003-03-11,3.3225314617156982,3.373257083649506,3.2887143804264927,3.297168650748794,10500
2003-03-12,3.390166759490967,3.4324379211779883,3.3140781040702008,3.381712285274651,5350
2003-03-13,3.466254234313965,3.466254234313965,3.3732572560166774,3.3817115267709763,6300
2003-03-14,3.3225314617156982,3.4493455165502183,3.3056229210710955,3.432436975905616,3250
2003-03-17,3.3986215591430664,3.40707603517178,3.305624540051045,3.305624540051045,10950
2003-03-18,3.508528232574463,3.550799414212885,3.3817138813957794,3.508528232574463,37100
2003-03-19,3.474709987640381,3.559252726351378,3.474709987640381,3.559252726351378,9600
2003-03-20,3.5761606693267822,3.6099777590923514,3.449346381140143,3.5000720157884966,11700
2003-03-21,3.660703659057617,3.660703659057617,3.5592523824080224,3.6353410414609875,10650
2003-03-24,3.5592522621154785,3.6099778987258944,3.474709534431452,3.474709534431452,69350
2003-03-25,3.6184325218200684,3.6184325218200684,3.4578011310508217,3.4578011310508217,20200
2003-03-26,3.6268866062164307,3.6522496272199523,3.5254353284654285,3.6522496272199523,2400
2003-03-27,3.5592522621154785,3.6268864442627,3.5507977877813133,3.5507977877813133,104300
2003-03-28,3.5761606693267822,3.626886303975136,3.5761606693267822,3.626886303975136,3400
2003-03-31,3.390166759490967,3.542343667200979,3.390166759490967,3.4916180312976417,36250
2003-04-01,3.483163833618164,3.508526855149224,3.4324381936875947,3.4324381936875947,24850
2003-04-02,3.550798177719116,3.550798177719116,3.4916184634071246,3.533889630325466,2750
2003-04-03,3.500072479248047,3.6184327122316327,3.500072479248047,3.5592525957398395,308350
2003-04-04,3.5169804096221924,3.54234342742282,3.5000718654656047,3.5000718654656047,8850
2003-04-07,3.58461594581604,3.58461594581604,3.559253321527408,3.559253321527408,4700
2003-04-08,3.53389048576355,3.5592535145593605,3.500073382790246,3.500073382790246,2650
2003-04-09,3.4493472576141357,3.500072905151801,3.4493472576141357,3.500072905151801,87750
2003-04-10,3.500072479248047,3.5085269543746866,3.440892765887816,3.491618407252969,22550
2003-04-11,3.500072479248047,3.584615214856635,3.449346837882894,3.449346837882894,95000
2003-04-14,3.53389048576355,3.5423449630727086,3.4831648313035943,3.4916193086127536,9500
2003-04-15,3.474709987640381,3.5423441786091785,3.4493469644612933,3.4493469644612933,8150
2003-04-16,3.53389048576355,3.53389048576355,3.4831648313035943,3.53389048576355,4450
2003-04-17,3.483163833618164,3.54234394843627,3.483163833618164,3.5338894735487334,850
2003-04-21,3.466254234313965,3.533888400348356,3.466254234313965,3.474708706633978,13850
2003-04-22,3.53389048576355,3.5423449630727086,3.4324391768436393,3.4324391768436393,38750
2003-04-23,3.4239840507507324,3.52543532850281,3.4070755044587195,3.4662552149149937,14450
2003-04-24,3.356349468231201,3.415529376801109,3.3478951955783574,3.415529376801109,25750
2003-04-25,3.3225314617156982,3.3648028133272048,3.314077191393397,3.3394400023603006,6950
2003-04-28,3.4070756435394287,3.466255356411486,3.373258348009171,3.373258348009171,15200
2003-04-29,3.53389048576355,3.593070617532664,3.4916193086127536,3.53389048576355,169900
2003-04-30,3.5169804096221924,3.5846145862485437,3.5085263391096446,3.5846145862485437,4400
2003-05-01,3.483163833618164,3.508526855149224,3.4324381936875947,3.508526855149224,6100
2003-05-02,3.58461594581604,3.618433450086957,3.4408934675399543,3.5761618720970443,49650
2003-05-05,3.6437954902648926,3.6607040381240408,3.6099783945465957,3.6607040381240408,23350
2003-05-06,3.7537004947662354,3.770609039210302,3.652249228101837,3.652249228101837,226250
2003-05-07,3.719883441925049,3.7621546018790877,3.694520423447423,3.719883441925049,151150
2003-05-08,3.6860668659210205,3.7537010537694058,3.6776123908741933,3.7537010537694058,226150
2003-05-09,3.7537004947662354,3.7621545654225192,3.6607032987581207,3.745246020978453,40800
2003-05-12,3.8466989994049072,3.86360754960119,3.762155845291857,3.762155845291857,82500
2003-05-13,3.7959718704223633,3.86360645518069,3.7537007084713707,3.8466979097739884,49150
2003-05-14,3.7367920875549316,3.8213348128800746,3.728337613456661,3.8213348128800746,13100
2003-05-15,3.82978892326355,3.8551515368866505,3.7706088195905236,3.7959714332136243,15800
2003-05-16,3.7875192165374756,3.804427768271192,3.753702113070043,3.804427768271192,5550
2003-05-19,3.6268866062164307,3.702975266095453,3.6268866062164307,3.660703698800098,14950
2003-05-20,3.702974557876587,3.7198831009345477,3.618431842586783,3.618431842586783,61550
2003-05-21,3.7537004947662354,3.7537004947662354,3.6607032987581207,3.6607032987581207,10700
2003-05-22,3.7959718704223633,3.7959718704223633,3.7452462342022597,3.7537007084713707,39500
2003-05-23,3.8636064529418945,3.8805149983387976,3.8044263424869715,3.8044263424869715,33400
2003-05-27,3.931241035461426,3.931241035461426,3.762155161116462,3.762155161116462,99450
2003-05-28,3.8466989994049072,3.9396958239186453,3.804427422348382,3.931241750386322,28800
2003-05-29,3.914332151412964,3.9312406970788967,3.812880877417367,3.9312406970788967,10900
2003-05-30,3.9566030502319336,3.99042013930927,3.8466977122963386,3.8466977122963386,112300
2003-06-02,3.9650580883026123,4.058055298064726,3.9566036132644395,4.0326922760817645,75800
2003-06-03,4.00732946395874,4.074964058411409,3.939695272637651,3.9650582959488494,21500
2003-06-04,4.167959690093994,4.1848682331379905,4.015782802698028,4.015782802698028,53200
2003-06-05,4.151052474975586,4.1848695718817,4.091872756955684,4.159506950767912,59900
2003-06-06,4.142597198486328,4.218685442848231,4.142597198486328,4.210231372644231,192950
2003-06-09,4.142597198486328,4.218685442848231,4.1003256380719,4.142597198486328,67650
2003-06-10,4.218686103820801,4.218686103820801,4.159506393726254,4.2102320322922395,123800
2003-06-11,4.210231781005859,4.218685852029842,4.142597600287937,4.142597600287937,15850
2003-06-12,4.277866840362549,4.311683937667264,4.227141194405474,4.227141194405474,274150
2003-06-13,4.277866840362549,4.311683937667264,4.18486962120878,4.311683937667264,211750
2003-06-16,4.345499515533447,4.387771073949555,4.286319817508647,4.303228360248799,93900
2003-06-17,4.404680252075195,4.4215887972544445,4.31168305202357,4.387771706895947,52200
2003-06-18,4.345499515533447,4.387771073949555,4.286319817508647,4.387771073949555,128150
2003-06-19,4.345499515533447,4.438496702170008,4.345499515533447,4.438496702170008,28050
2003-06-20,4.413135528564453,4.430044078362339,4.387772905433438,4.421590005029209,27050
2003-06-23,4.260957717895508,4.379317542522732,4.193323532394237,4.345500449772096,36550
2003-06-24,4.235595226287842,4.320137960687173,4.201777729396553,4.269412320047574,387800
2003-06-25,4.193322658538818,4.269411302937246,4.193322658538818,4.252502760085536,13550
2003-06-26,4.159506320953369,4.210231958631882,4.108780683274857,4.193323412739044,18400
2003-06-27,4.218686103820801,4.320137784084313,4.167960465254815,4.2102320322922395,75100
2003-06-30,4.083417892456055,4.176415101661106,4.074963820600081,4.167960626673576,26750
2003-07-01,4.167959690093994,4.1848682331379905,4.058054361873752,4.10032551791801,358400
2003-07-02,4.244048595428467,4.2609571395086006,4.184868489582254,4.244048595428467,50600
2003-07-03,4.184868335723877,4.303228543064742,4.167959792265393,4.24404843939431,84450
2003-07-07,4.387770175933838,4.438495793772617,4.269410400976686,4.28631894025628,209500
2003-07-08,4.362410068511963,4.387773095875433,4.311684416916666,4.370864545343667,30050
2003-07-09,4.396226406097412,4.438497976651484,4.311683668120842,4.387772333865542,21100
2003-07-10,4.260957717895508,4.370863470900845,4.260957717895508,4.353954924525527,33450
2003-07-11,4.4300432205200195,4.50613188144236,4.353954962729227,4.353954962729227,40400
2003-07-14,4.556856632232666,4.599128191862892,4.438496829652088,4.556856632232666,36350
2003-07-15,4.472314357757568,4.556857082235389,4.472314357757568,4.548403011353361,37550
2003-07-16,4.514586448669434,4.556857614278021,4.404680692450303,4.556857614278021,10650
2003-07-17,4.396226406097412,4.489223619437427,4.387772333865542,4.489223619437427,47750
2003-07-18,4.46386194229126,4.5653132492876916,4.413135885661385,4.556858772138826,43000
2003-07-21,4.472314357757568,4.531494466457797,4.387771633279748,4.455405812862004,90750
2003-07-22,4.46386194229126,4.489224567474539,4.396227334495313,4.396227334495313,51950
2003-07-23,4.446952819824219,4.4723154417491555,4.38777269678002,4.4723154417491555,13200
2003-07-24,4.4300432205200195,4.531494902793656,4.404680602300271,4.463860716698931,109750
2003-07-25,4.531495094299316,4.565312188775825,4.387772241208374,4.4638609053463,35550
2003-07-28,4.438498020172119,4.5653123299462095,4.438498020172119,4.556857854499867,154600
2003-07-29,4.489222526550293,4.53994815698724,4.421588352634363,4.455405439592329,14650
2003-07-30,4.421588897705078,4.497677554306054,4.413134423357625,4.497677554306054,6450
2003-07-31,4.455404758453369,4.565310475830188,4.387770594877301,4.396224663758602,13300
2003-08-01,4.3708624839782715,4.480768212167352,4.353953941420833,4.446951127052475,19850
2003-08-04,4.311683654785156,4.353955225208486,4.235595392407364,4.311683654785156,70350
2003-08-05,4.074963092803955,4.235594460693957,4.074963092803955,4.227139987216412,102950
2003-08-06,4.328591823577881,4.328591823577881,4.151051888345095,4.1595063629426265,71950
2003-08-07,4.362410068511963,4.370864545343667,4.2947758663849,4.2947758663849,131250
2003-08-08,4.303229808807373,4.362409526753324,4.286321260375445,4.353955454103157,11950
2003-08-11,4.3539557456970215,4.396226918042037,4.328592719784716,4.379318368477707,26050
2003-08-12,4.489222526550293,4.497676999855522,4.396225335850152,4.396225335850152,15150
2003-08-13,4.556856632232666,4.556856632232666,4.480768389282315,4.539948089006869,16550
2003-08-14,4.607583045959473,4.649854612782841,4.539948861547314,4.565311882267642,29100
2003-08-15,4.599128723144531,4.675217378015952,4.531494542428386,4.624491339347327,22000
2003-08-18,4.7090349197387695,4.7090349197387695,4.607583235808812,4.641400329408279,62550
2003-08-19,4.7090349197387695,4.725943466538503,4.590674689009077,4.649854804373923,216000
2003-08-20,4.717487812042236,4.7259422848939785,4.6075820837583175,4.717487812042236,79750
2003-08-21,4.759758472442627,4.759758472442627,4.709032854292377,4.734395461801813,31600
2003-08-22,4.700579643249512,4.768213818915744,4.649854011499837,4.759759748523209,298650
2003-08-25,4.700579643249512,4.7343967310826285,4.649854011499837,4.725942660690092,12400
2003-08-26,4.599128723144531,4.649854358681639,4.556857158631183,4.649854358681639,43400
2003-08-27,4.548402786254883,4.6329455065487215,4.523039768600987,4.590673944836057,43950
2003-08-28,4.548402786254883,4.599128418431186,4.506131224542219,4.599128418431186,337600
2003-08-29,4.582221508026123,4.675218735070463,4.489224280981783,4.641401231764822,885550
2003-09-02,4.599128723144531,4.624491339347327,4.531494542428386,4.582220177965495,298750
2003-09-03,4.607583045959473,4.641400138165552,4.607583045959473,4.641400138165552,59000
2003-09-04,4.641400337219238,4.6667633590273,4.6075832435628605,4.6075832435628605,57150
2003-09-05,4.632946014404297,4.658309034838443,4.616037468492043,4.658309034838443,22300
2003-09-08,4.683673858642578,4.725945444903328,4.616039643130757,4.658311229391507,36650
2003-09-09,4.514586448669434,4.590674708017515,4.489223426799035,4.53149499553918,105450
2003-09-10,4.455404758453369,4.556856003817472,4.446950689572068,4.480767771360102,29350
2003-09-11,4.607583045959473,4.632946066679802,4.506131769341234,4.5906744998564335,25100
2003-09-12,4.607583045959473,4.616037520576762,4.489223223238195,4.607583045959473,22750
2003-09-15,4.548402786254883,4.616036962489954,4.506131224542219,4.514585698137347,34400
2003-09-16,4.624491214752197,4.649854233403167,4.5568570358582825,4.565311509785775,22950
2003-09-17,4.624491214752197,4.649854233403167,4.607582670028719,4.616037143956211,182050
2003-09-18,4.64985466003418,4.675217681012245,4.607583092781252,4.6160375674844545,128100
2003-09-19,4.641400337219238,4.649854812199111,4.573766149906482,4.649854812199111,55850
2003-09-22,4.641400337219238,4.683671905855489,4.4976778907454085,4.573766149906482,111300
2003-09-23,4.683673858642578,4.692128337147418,4.607585164625918,4.616039643130757,32500
2003-09-24,4.641400337219238,4.802031733652813,4.565312078058165,4.734397546340056,185600
2003-09-25,4.734396457672119,4.768213543552305,4.624490726995783,4.751305000612212,131650
2003-09-26,4.80203104019165,4.80203104019165,4.751305407032371,4.759759880791332,26000
2003-09-29,4.7851243019104,4.835849954215654,4.751307200373565,4.776670228092016,167900
2003-09-30,4.7259440422058105,4.776669688783904,4.700581017350962,4.776669688783904,137150
2003-10-01,4.827394008636475,4.8612110970611635,4.734396813902834,4.768213902327523,67000
2003-10-02,4.827394008636475,4.878119641273508,4.802030990752211,4.827394008636475,50150
2003-10-03,5.055659770965576,5.15711104053188,4.9626625722973765,5.013388207080528,94500
2003-10-06,5.089477062225342,5.1232941534190095,5.0218428798380055,5.1232941534190095,257500
2003-10-07,5.14020299911499,5.224745732034997,5.055660266194984,5.114840380804763,127850
2003-10-08,5.131748676300049,5.157111293369321,5.072568564585863,5.148657222056741,73850
2003-10-09,5.157111644744873,5.224745832379839,5.1232945509273895,5.148657572856281,89800
2003-10-10,5.148658752441406,5.241655580179774,5.148658752441406,5.2078384786146135,153600
2003-10-13,5.14020299911499,5.19938311372477,5.131748927388765,5.148657473972766,156750
2003-10-14,5.123293399810791,5.140201942920472,5.055659227372069,5.072567770481749,66300
2003-10-15,5.11483907699585,5.1909273156626465,5.081021992448062,5.157110231114859,74550
2003-10-16,5.14020299911499,5.2839258466447765,5.114840380804763,5.165566020556767,99550
2003-10-17,5.14020299911499,5.190928638866994,5.14020299911499,5.182474567140768,56050
2003-10-20,5.207835674285889,5.28392431340092,5.182473063335166,5.182473063335166,101450
2003-10-21,5.250110626220703,5.292382209324992,5.241656148347168,5.275473253577922,66450
2003-10-22,5.148658752441406,5.283927158702051,5.148658752441406,5.224747029397194,100000
2003-10-23,5.055659770965576,5.072568315893293,4.988025591254707,5.072568315893293,130900
2003-10-24,5.047206878662109,5.064115428888736,4.937301503754849,5.030298328435482,135100
2003-10-27,5.038751602172852,5.064114219891953,4.9542088712232815,4.9542088712232815,44650
2003-10-28,5.157111644744873,5.190928738562356,5.072568910201165,5.072568910201165,255200
2003-10-29,5.11483907699585,5.157110231114859,5.038750435197605,5.148656161543636,66750
2003-10-30,5.064112663269043,5.114838689378,5.030295581284016,5.114838689378,66300
2003-10-31,5.047206878662109,5.0810243822470005,5.021844254887986,5.021844254887986,53150
2003-11-03,5.14020299911499,5.190928638866994,5.081023287636761,5.081023287636761,232350
2003-11-04,5.250110626220703,5.275473253577922,5.216293520989949,5.224747595731791,502150
2003-11-05,5.207835674285889,5.275469840996391,5.157110049253012,5.241652757641139,452100
2003-11-06,5.148658752441406,5.216292955571729,5.123295724701711,5.1571128262668715,52600
2003-11-07,5.148658752441406,5.2078384786146135,5.123295724701711,5.165567303223987,76550
2003-11-10,5.072568416595459,5.1317485265830864,4.988025690278505,5.114839981319696,80800
2003-11-11,4.962662696838379,5.030296878246568,4.827394334022,4.954208625728115,118450
2003-11-12,5.047206878662109,5.0556613553412415,4.954210053981477,5.0556613553412415,44500
2003-11-13,5.0810227394104,5.131748373689268,5.013388157240404,5.114839828929645,154750
2003-11-14,5.064112663269043,5.097930148385486,4.9964784992989895,5.081021607392973,30700
2003-11-17,4.920390605926514,4.9795703019182564,4.861210506803327,4.886573521607962,27600
2003-11-18,4.878120422363281,5.004934725827249,4.878120422363281,4.878120422363281,37050
2003-11-19,4.9034833908081055,4.9034833908081055,4.85275734747073,4.878120369139418,22900
2003-11-20,4.759758472442627,4.861209708743127,4.74284993305921,4.85275523748573,229600
2003-11-21,4.75130558013916,4.835848305151482,4.734397035136696,4.742851509203684,15300
2003-11-24,4.8865742683410645,4.928845428633123,4.776668525945002,4.776668525945002,122900
2003-11-25,4.8189377784729,4.920389409899575,4.8189377784729,4.920389409899575,310050
2003-11-26,4.9542083740234375,5.004934007502401,4.861211177746254,4.920391285037462,21100
2003-11-28,5.047206878662109,5.072569905567868,4.988027154434731,5.064115428888736,54200
2003-12-01,5.14020299911499,5.148657473972766,5.072568812778985,5.097931834220762,251950
2003-12-02,5.03029727935791,5.097931869290741,5.0133887326575906,5.089477394374804,35850
2003-12-03,5.055659770965576,5.148656969633776,5.038751226037859,5.038751226037859,49850
2003-12-04,5.089477062225342,5.13174862778319,5.0218428798380055,5.064114042264328,42650
2003-12-05,5.004933834075928,5.089476553611369,4.99647936055664,5.0725680097042805,128400
2003-12-08,5.072568416595459,5.08947696185885,4.996479761344442,5.030296851871223,30300
2003-12-09,5.0810227394104,5.114839828929645,4.9964796124807815,5.114839828929645,88000
2003-12-10,5.055659770965576,5.081022789922907,4.97111704632699,5.004934136182424,40850
2003-12-11,5.072568416595459,5.123294052385631,5.013388306607832,5.08947696185885,72650
2003-12-12,5.0810227394104,5.123293899743704,5.047205246759649,5.047205246759649,23450
2003-12-15,5.064112663269043,5.123292758308548,5.064112663269043,5.081021607392973,31850
2003-12-16,5.149656772613525,5.158211215562395,5.106885373665759,5.132548294614077,16350
2003-12-17,5.098331451416016,5.1667653649279135,5.072668529899904,5.098331451416016,46200
2003-12-18,5.098331451416016,5.141102851310102,5.072668529899904,5.141102851310102,217550
2003-12-19,5.05556058883667,5.123994509621857,5.038452108640373,5.047006552687693,115950
2003-12-22,5.1507182121276855,5.220558391338045,5.063417988114736,5.1245279367836485,39000
2003-12-23,5.141986846923828,5.185637157438309,5.089606724074578,5.150717075538809,71550
2003-12-24,5.185636520385742,5.22055659799533,5.098336326361773,5.185636520385742,12550
2003-12-26,5.13325834274292,5.246748845978195,5.115798297343671,5.220558569739163,17900
2003-12-29,5.220558166503906,5.229287980389081,5.115797902200084,5.1594478041865335,42750
2003-12-30,5.281667709350586,5.299127750692231,5.1419869623371985,5.229287169045427,147500
2003-12-31,5.2380170822143555,5.334047511946741,5.1594466927714775,5.316587471657234,147150
2004-01-02,5.386427402496338,5.473727600210991,5.325317055955991,5.360237135041853,123800
2004-01-05,5.526108741760254,5.587219099612545,5.499918885738026,5.543568784535157,213650
2004-01-06,5.526108741760254,5.587219099612545,5.456268570660638,5.561028827310062,127200
2004-01-07,5.5522966384887695,5.561026448001007,5.41261593977227,5.526106377391902,74750
2004-01-08,5.595948219299316,5.639598528966694,5.534838285301232,5.587218407133963,239650
2004-01-09,5.622140407562256,5.6919805938469485,5.464999988421698,5.569760267848737,102000
2004-01-12,5.569759368896484,5.630869313892348,5.456268876360911,5.622139500155916,74050
2004-01-13,5.58721923828125,5.665789224578211,5.526108878912266,5.613409094953481,90350
2004-01-14,5.595948219299316,5.657058569577605,5.526108056855675,5.657058569577605,85000
2004-01-15,5.517379283905029,5.587219459503275,5.412618604227379,5.54356914161423,42850
2004-01-16,5.508649826049805,5.569760196405219,5.395159316652753,5.561029965091443,119650
2004-01-20,5.526108741760254,5.5959489128598685,5.50864869898535,5.578488870084965,191250
2004-01-21,5.6832499504089355,5.779279984414532,5.552299412070059,5.578489269969662,90800
2004-01-22,5.753089427947998,5.779279282667508,5.604678863603325,5.753089427947998,160600
2004-01-23,5.709439754486084,5.779279929933698,5.665789436691185,5.761819886071795,53650
2004-01-26,5.71816873550415,5.779278667532072,5.569758186956014,5.779278667532072,128250
2004-01-27,5.665788650512695,5.744359045129062,5.604678713615721,5.744359045129062,80750
2004-01-28,5.499917984008789,5.604678223482434,5.438807636175736,5.517378023921063,106200
2004-01-29,5.42134952545166,5.499919941156285,5.334049294824487,5.48245989503085,409300
2004-01-30,5.526108741760254,5.561028827310062,5.421348485110831,5.421348485110831,137300
2004-02-02,5.499917984008789,5.630868075210751,5.473727716000284,5.630868075210751,59350
2004-02-03,5.5522966384887695,5.569756673793322,5.456266236173691,5.456266236173691,26400
2004-02-04,5.464999198913574,5.543569188992966,5.412618650486931,5.534839375108716,67600
2004-02-05,5.491187572479248,5.578487769124353,5.430077226687588,5.491187572479248,40450
2004-02-06,5.630867958068848,5.709438344179635,5.5261077207745855,5.5261077207745855,48850
2004-02-09,5.735630512237549,6.4602230180486195,5.552299828082902,5.6396000547564675,66350
2004-02-10,5.700708389282227,5.753088506613007,5.683248350171966,5.691978161587012,110200
2004-02-11,5.744359970092773,5.753090200358222,5.674519793090354,5.700710067606407,35750
2004-02-12,5.691977500915527,5.779277686333839,5.665787237149973,5.753087838848406,76750
2004-02-13,5.639598846435547,5.709439012810687,5.5872187216541915,5.700709200153908,83750
2004-02-17,5.753089427947998,5.805469553667253,5.683249260322325,5.753089427947998,145650
2004-02-18,5.744359970092773,5.770550244608827,5.62213966033854,5.761820014343378,42450
2004-02-19,5.709439754486084,5.73563002841908,5.622139535176567,5.6745196667622775,62150
2004-02-20,5.595948219299316,5.700708879244982,5.5610281380774955,5.700708879244982,65700
2004-02-23,5.58721923828125,5.683249684066721,5.499919022240035,5.648329181369967,132700
2004-02-24,5.665788650512695,5.674518879372392,5.526108318999355,5.526108318999355,70950
2004-02-25,5.630867958068848,5.639598185983459,5.569758027787284,5.630867958068848,31450
2004-02-26,5.622140407562256,5.630870222707669,5.569760267848737,5.622140407562256,67700
2004-02-27,5.6570587158203125,5.6745187568825886,5.6046785926334834,5.665788528211343,32100
2004-03-01,5.700708389282227,5.709438200697272,5.604677966035711,5.604677966035711,122600
2004-03-02,5.648327350616455,5.674517615080082,5.630867313067413,5.665787388165496,42400
2004-03-03,5.569759368896484,5.622139500155916,5.464999106377622,5.587219412649628,81400
2004-03-04,5.604678153991699,5.630868005395296,5.5522980349043225,5.569758074600115,66350
2004-03-05,5.639598846435547,5.657058888029332,5.526108367935829,5.604678763247977,94800
2004-03-08,5.569759368896484,5.613409270139204,5.491188963867198,5.491188963867198,37800
2004-03-09,5.517379283905029,5.595949273312914,5.499919240005468,5.569759415603714,34250
2004-03-10,5.377697467803955,5.517378208043677,5.325317346319135,5.464998086558857,138650
2004-03-11,5.325318336486816,5.386428697721816,5.325318336486816,5.351508610239039,87350
2004-03-12,5.430078506469727,5.464999009638143,5.3340484756674655,5.342778289249366,129700
2004-03-15,5.342777729034424,5.430077937100955,5.281667791527966,5.430077937100955,61300
2004-03-16,5.412619113922119,5.430079159465855,5.31658907157173,5.377699022834646,33200
2004-03-17,5.499917984008789,5.578487955473928,5.412617368167231,5.45626767608801,65850
2004-03-18,5.491187572479248,5.534837878941887,5.438807454492185,5.482457760954825,143600
2004-03-19,5.377697467803955,5.508647979656106,5.3689676556965855,5.473727898666226,196000
2004-03-22,5.281667709350586,5.368967916058814,5.246747626667295,5.334047833375523,150150
2004-03-23,5.386427402496338,5.4475373327565055,5.246747086152893,5.3776971745847835,26100
2004-03-24,5.42134952545166,5.884040955915847,5.3689693870753565,5.464999848905415,40450
2004-03-25,5.491187572479248,5.499917800283845,5.4038873758341435,5.4038873758341435,250150
2004-03-26,5.482458591461182,5.491188404308035,5.40388819443832,5.473728362334092,18200
2004-03-29,5.491187572479248,5.561027729795332,5.430077226687588,5.561027729795332,76200
2004-03-30,5.54356575012207,5.5697560080886435,5.456265584033539,5.526105716904364,63600
2004-03-31,5.569759368896484,5.657059587662203,5.569759368896484,5.578489182632917,33750
2004-04-01,5.648327350616455,5.683247841994668,5.57848720042029,5.587217427334877,38250
2004-04-02,5.6832499504089355,5.718170038461932,5.648329446075654,5.657059676229046,41200
2004-04-05,5.691977500915527,5.726897575082852,5.648327200066311,5.726897575082852,62800
2004-04-06,5.6745195388793945,5.7094396258162305,5.648329265536631,5.648329265536631,89200
2004-04-07,5.630867958068848,5.718168572094245,5.613407918519804,5.691978304630591,73950
2004-04-08,5.700708389282227,5.753088506613007,5.691978161587012,5.744358278917792,52600
2004-04-12,5.761819839477539,5.770550069478032,5.674519620873994,5.7443597957568295,159200
2004-04-13,5.630867958068848,5.761818462826765,5.59594787897076,5.761818462826765,95850
2004-04-14,5.526108741760254,5.639599227937256,5.526108741760254,5.630868998409676,57350
2004-04-15,5.534838676452637,5.561028531079758,5.3864281126315054,5.526108447390107,24700
2004-04-16,5.595948219299316,5.630868300521136,5.456267894412034,5.5784881786884055,89400
2004-04-19,5.526108741760254,5.6046791423874485,5.499918885738026,5.6046791423874485,55300
2004-04-20,5.578489780426025,5.613409871674364,5.491189552305181,5.578489780426025,49950
2004-04-21,5.491187572479248,5.569757957599929,5.447537266016609,5.5261076511372895,123050
2004-04-22,5.58721923828125,5.604679281489493,5.499919022240035,5.508648835704023,90650
2004-04-23,5.595948219299316,5.630868300521136,5.526108056855675,5.587218407133963,23600
2004-04-26,5.42134952545166,5.526109802204268,5.412619294248775,5.4911897099533995,120050
2004-04-27,5.4562668800354,5.526107029495034,5.412616578483067,5.499917181587735,18350
2004-04-28,5.342777729034424,5.430077937100955,5.325317687421117,5.4126178954876485,87350
2004-04-29,5.211826324462891,5.325316783832674,5.150716397325436,5.325316783832674,125350
2004-04-30,5.325318336486816,5.4649991026982025,5.316588522756262,5.395158511452371,139400
2004-05-03,5.403886795043945,5.41261660563012,5.264206495424111,5.368966720138987,74700
2004-05-04,5.499917984008789,5.58721818357016,5.430077408079505,5.5086477958248325,83150
2004-05-05,5.54356575012207,5.639596140959468,5.526105716904364,5.578485816557483,31400
2004-05-06,5.464999198913574,5.569759463206287,5.447538738584503,5.543569188992966,96450
2004-05-07,5.438808917999268,5.5435691821629085,5.403888829944721,5.412618643818215,47800
2004-05-10,5.11579704284668,5.281667641604872,5.0634169194936005,5.159446937500804,146900
2004-05-11,5.1507182121276855,5.299128801089853,5.107067891981059,5.1507182121276855,129150
2004-05-12,5.203097343444824,5.255477467754376,5.063417011952686,5.255477467754376,1032800
2004-05-13,5.098336219787598,5.168176373546855,4.976115534428745,5.063416142907969,308700
2004-05-14,5.063417911529541,5.1332580896835545,4.967387458427623,5.124527859274154,180800
2004-05-17,4.862627029418945,4.9673872931646335,4.801516667427152,4.862627029418945,145850
2004-05-18,5.045956611633301,5.089606503979977,5.019766343201139,5.019766343201139,36300
2004-05-19,5.1943678855896,5.31658861006674,5.176907841561477,5.203098115743804,68250
2004-05-20,5.098336219787598,5.1943662230665,5.028496066028341,5.1856364119866685,126900
2004-05-21,5.11579704284668,5.281667641604872,5.098337001728987,5.272937412905917,44600
2004-05-24,5.176907062530518,5.281667727214948,5.150717208569577,5.246747644413546,39050
2004-05-25,5.255477428436279,5.316587781147013,5.194367075725546,5.194367075725546,194150
2004-05-26,5.246747016906738,5.325316985672877,5.246747016906738,5.325316985672877,37700
2004-05-27,5.290396213531494,5.325316287578822,5.264206366136058,5.272936176507831,71850
2004-05-28,5.307857513427734,5.32531755460558,5.255477389894197,5.32531755460558,24400
2004-06-01,5.290396213531494,5.377696398649812,5.238016102460504,5.281666403159722,26100
2004-06-02,5.299127578735352,5.334047660285485,5.1594468362546095,5.334047660285485,36050
2004-06-03,5.1943678855896,5.25547824782817,5.168178027687559,5.25547824782817,39650
2004-06-04,5.299127578735352,5.299127578735352,5.2030971463323805,5.290397350207714,8550
2004-06-07,5.4562668800354,5.464997106857918,5.37769650375325,5.464997106857918,78250
2004-06-08,5.42134952545166,5.473729663827965,5.360239155872471,5.42134952545166,66050
2004-06-09,5.325318336486816,5.421348785204592,5.299128479014874,5.351508610239039,36500
2004-06-10,5.342777729034424,5.430077937100955,5.325317687421117,5.386428041207804,14150
2004-06-14,5.360239028930664,5.386429305638743,5.299129077079024,5.307858891794833,555600
2004-06-15,5.351508140563965,5.412618080155371,5.307857826901324,5.307857826901324,8300
2004-06-16,5.325318336486816,5.49991919018098,5.325318336486816,5.403888741463204,76750
2004-06-17,5.246747016906738,5.395157142922854,5.238016789110405,5.2991271348442215,27400
2004-06-18,5.246747016906738,5.33404721346921,5.203096710485416,5.238016789110405,31250
2004-06-21,5.299127578735352,5.307857390982781,5.264207497185218,5.307857390982781,33550
2004-06-22,5.316588878631592,5.325318692946492,5.27293855821617,5.316588878631592,87750
2004-06-23,5.342777729034424,5.351507957981191,5.307857645807812,5.316587874754579,233000
2004-06-24,5.351508140563965,5.412618080155371,5.334048098354957,5.334048098354957,34800
2004-06-25,5.316588878631592,5.499919558327875,5.316588878631592,5.351508968451808,152450
2004-06-28,5.368969440460205,5.517380042142247,5.368969440460205,5.473729718254467,96650
2004-06-29,5.4562668800354,5.517377218952643,5.325316391658526,5.325316391658526,104750
2004-06-30,5.464999198913574,5.4911890568466095,5.403888836602682,5.4911890568466095,111450
2004-07-01,5.42134952545166,5.526109802204268,5.412619294248775,5.447539386499645,186200
2004-07-02,5.438808917999268,5.534839368289415,5.34277846770912,5.430078687845488,19800
2004-07-06,5.412619113922119,5.517379803464859,5.412619113922119,5.421349344834148,51300
2004-07-07,5.569759368896484,5.569759368896484,5.482459150130766,5.534839281390197,20150
2004-07-08,5.430078506469727,5.499919096526288,5.430078506469727,5.4824590530822155,10100
2004-07-09,5.54356575012207,5.561025783339777,5.456265584033539,5.561025783339777,24800
2004-07-12,5.526108741760254,5.648329041184581,5.430078298358155,5.561028827310062,75500
2004-07-13,5.648327350616455,5.657057577531041,5.552297352236794,5.561027162871249,43900
2004-07-14,5.613408088684082,5.665788208919059,5.595948048605757,5.630868128762407,27950
2004-07-15,5.54356575012207,5.639596140959468,5.526105716904364,5.526105716904364,21550
2004-07-16,5.561029434204102,5.622139798725574,5.534839575323685,5.534839575323685,17200
2004-07-19,5.630867958068848,5.6483279976178915,5.569758027787284,5.6483279976178915,75100
2004-07-20,5.561029434204102,5.630869612925613,5.552299620004064,5.622139798725574,9900
2004-07-21,5.464999198913574,5.595949321139322,5.464999198913574,5.595949321139322,122350
2004-07-22,5.491187572479248,5.543567690466311,5.412617187358567,5.543567690466311,41050
2004-07-23,5.334047317504883,5.491187674382211,5.281667198545774,5.491187674382211,54400
2004-07-26,5.377697467803955,5.464998086558857,5.290397265329255,5.351507615201646,63300
2004-07-27,5.3951568603515625,5.4737272412827505,5.3253167067594624,5.4737272412827505,182300
2004-07-28,5.412619113922119,5.447539205009591,5.325318886203437,5.412619113922119,127000
2004-07-29,5.499917984008789,5.552298103745612,5.412617368167231,5.482457944096515,51450
2004-07-30,5.499917984008789,5.543567875649381,5.464997904184241,5.543567875649381,109300
2004-08-02,5.499917984008789,5.561027915561655,5.438807636175736,5.491187755912558,48100
2004-08-03,5.561029434204102,5.613409568245235,5.561029434204102,5.5872197093648195,299950
2004-08-04,5.578489780426025,5.630869917298533,5.526109643553519,5.587220011378272,140600
2004-08-05,5.622140407562256,5.674520547275775,5.58722031441991,5.665790315850016,73550
2004-08-06,5.578489780426025,5.5959498260501945,5.561029734801857,5.561029734801857,94350
2004-08-09,5.604678153991699,5.613407965699504,5.543567806916335,5.613407965699504,174550
2004-08-10,5.622140407562256,5.639600454133429,5.58722031441991,5.6134101761364965,77450
2004-08-11,5.534838676452637,5.578488572924583,5.464998509073336,5.578488572924583,83400
2004-08-12,5.464999198913574,5.543569188992966,5.464999198913574,5.52610914494418,34800
2004-08-13,5.482458591461182,5.5086484462819785,5.482458591461182,5.5086484462819785,16550
2004-08-16,5.569759368896484,5.6046794564027715,5.517379237637053,5.55229932514334,46550
2004-08-17,5.5522966384887695,5.587216709097875,5.543566412696454,5.561026448001007,12900
2004-08-18,5.648327350616455,5.648327350616455,5.569757389785835,5.57848720042029,38600
2004-08-19,5.6570587158203125,5.6570587158203125,5.6395986747580364,5.648328487149067,18600
2004-08-20,5.630867958068848,5.6483279976178915,5.59594787897076,5.622138146434415,21400
2004-08-23,5.648327350616455,5.657057577531041,5.630867313067413,5.648327350616455,32850
2004-08-24,5.648327350616455,5.657057577531041,5.595947237969331,5.639597539982,24600
2004-08-25,5.744359970092773,5.753090200358222,5.648329518574301,5.65705974883975,129700
2004-08-26,5.71816873550415,5.7443585874360625,5.683248655408141,5.71816873550415,125200
2004-08-27,5.71816873550415,5.71816873550415,5.6657881990799455,5.683248655408141,38950
2004-08-30,5.595948219299316,5.665788381742957,5.587218407133963,5.665788381742957,368050
2004-08-31,5.71816873550415,5.71816873550415,5.6657881990799455,5.709438507340053,21750
2004-09-01,5.7792792320251465,5.788009461041972,5.726899106764885,5.753089377535131,52350
2004-09-02,5.866579532623291,5.8927698038035,5.805469593669867,5.849119490596564,93900
2004-09-03,5.814199924468994,5.840390197982219,5.788010067236044,5.814199924468994,49900
2004-09-07,5.866579532623291,5.9102298458302265,5.849119490596564,5.849119490596564,209150
2004-09-08,5.884041786193848,5.884041786193848,5.849121689015517,5.875311970039463,45150
2004-09-09,5.918959617614746,5.918959617614746,5.849119038624312,5.857849267103193,62050
2004-09-10,5.892770767211914,5.9102308120931815,5.875310722330647,5.9102308120931815,35750
2004-09-13,5.945150375366211,5.988800691843956,5.927690332031166,5.927690332031166,102400
2004-09-14,6.041180610656738,6.067370466603604,5.988800482482751,6.03245038115428,243500
2004-09-15,6.0499114990234375,6.0673715448509675,5.96261126988579,6.0673715448509675,44900
2004-09-16,6.05864143371582,6.05864143371582,5.997531068168548,5.997531068168548,83450
2004-09-17,6.084828853607178,6.084828853607178,6.023718928839391,6.04990877765983,276400
2004-09-20,5.997530937194824,6.0062611676310595,5.962610848010482,5.997530937194824,152250
2004-09-21,6.032448768615723,6.07609907189931,6.014988730558317,6.041178995784498,60900
2004-09-22,5.918959617614746,6.014989633201207,5.901499576937189,6.014989633201207,65200
2004-09-23,5.980069160461426,5.988799388368929,5.945149081391767,5.988799388368929,40900
2004-09-24,5.936420917510986,5.962610775942546,5.9102306427991325,5.962610775942546,74000
2004-09-27,5.962609767913818,5.980069809343191,5.927689685055073,5.980069809343191,55500
2004-09-28,5.98879861831665,5.98879861831665,5.918958469157526,5.9713385810268695,60450
2004-09-29,5.980069160461426,5.988799388368929,5.910229002322109,5.962609120926596,34750
2004-09-30,5.936420917510986,5.997530864704822,5.92769068718027,5.936420917510986,113650
2004-10-01,6.084828853607178,6.084828853607178,6.006258890865717,6.023718928839391,168550
2004-10-04,6.111021518707275,6.137211794093641,6.076101429045659,6.119751749262832,156700
2004-10-05,6.05864143371582,6.067371248062398,6.032451158115473,6.05864143371582,26150
2004-10-06,6.076100826263428,6.084830639672635,6.041180740066073,6.076100826263428,84650
2004-10-07,5.971341133117676,6.058641356877813,5.971341133117676,6.0411813121257865,82650
2004-10-08,6.041180610656738,6.076100696106063,6.023720567932076,6.067370466603604,23200
2004-10-11,6.076100826263428,6.084830639672635,6.014990467277925,6.04991055347528,38450
2004-10-12,5.91023063659668,5.971341000006677,5.875310547871051,5.9538809556438625,94950
2004-10-13,5.866579532623291,5.97134020106389,5.84038967772332,5.962609971910407,85150
2004-10-14,5.7705488204956055,5.875309060145465,5.76181859238469,5.857849020203822,266600
2004-10-15,5.945150375366211,5.945150375366211,5.866579972218377,5.866579972218377,95050
2004-10-18,5.918959617614746,5.927689429813421,5.831658997946755,5.87530930778075,142600
2004-10-19,5.901500701904297,5.971340877927732,5.901500701904297,5.910230515767084,50600
2004-10-20,5.936420917510986,5.945150731561409,5.849120279325003,5.875310554036857,39450
2004-10-21,5.962609767913818,6.006260079627363,5.927689685055073,5.9713399967686165,47350
2004-10-22,5.91023063659668,5.9975308584107525,5.91023063659668,5.988801044369492,205400
2004-10-25,5.927689075469971,5.98006919437148,5.901499224159306,5.910229035836133,43800
2004-10-26,5.971341133117676,5.9888011778697035,5.945150857849483,5.9888011778697035,41150
2004-10-27,6.05864143371582,6.067371248062398,5.962610978221623,5.971341208848508,30700
2004-10-28,6.0499114990234375,6.093561821732426,6.014991407368378,6.058641730077367,84350
2004-10-29,6.023719787597656,6.084829721077445,5.997529518763317,6.014989559226143,266250
2004-11-01,6.032448768615723,6.049908806673129,5.980068654443505,5.980068654443505,26950
2004-11-02,6.128481388092041,6.145941432423004,6.0324509361316,6.0324509361316,49350
2004-11-03,6.163400650024414,6.189590921147965,6.145940608035459,6.154670837170055,60800
2004-11-04,6.241970539093018,6.241970539093018,6.145940107829377,6.180860188965209,62000
2004-11-05,6.1983208656311035,6.2332409503505835,6.163400780911624,6.224511137310837,335950
2004-11-08,6.18086051940918,6.1983205609105525,6.119750582294487,6.128480394905061,97600
2004-11-09,6.137210369110107,6.215780344465627,6.119750328333302,6.172130450663718,757550
2004-11-10,6.145940780639648,6.154671010019427,6.1284807381603414,6.145940780639648,47250
2004-11-11,6.189590930938721,6.189590930938721,6.1459406177571685,6.189590930938721,36250
2004-11-12,6.268162727355957,6.276892959032947,6.180862491987837,6.180862491987837,68500
2004-11-15,6.28562068939209,6.320540771955806,6.241970794327554,6.268160648110231,97000
2004-11-16,6.2594313621521,6.268161175387269,6.137211062897933,6.241971319401504,84100
2004-11-17,6.372921466827393,6.442761633650669,6.2856208420180675,6.311811112716911,304100
2004-11-18,6.268162727355957,6.294353006106571,6.198322539061461,6.2419728648857005,120050
2004-11-19,6.18086051940918,6.2856207684174175,6.163400477907807,6.2856207684174175,99250
2004-11-22,6.1983208656311035,6.250700992710323,6.154670967871877,6.2332409503505835,88350
2004-11-23,6.303079128265381,6.311809354826966,6.241969207454736,6.285619091422323,177450
2004-11-24,6.3292717933654785,6.338002023239824,6.268161433085879,6.320541563491133,112150
2004-11-26,6.320540904998779,6.346731175612963,6.2768910090154435,6.303080863349399,56700
2004-11-29,6.320540904998779,6.372921446227148,6.250700738401259,6.338001362928388,165000
2004-11-30,6.22451114654541,6.311811358473627,6.207051104159767,6.303081129140682,230050
2004-12-01,6.407840251922607,6.407840251922607,6.268159530297057,6.268159530297057,93900
2004-12-02,6.416571617126465,6.460221931260213,6.381651532331564,6.434031659523915,152050
2004-12-03,6.3292717933654785,6.4165720107075686,6.320541563491133,6.407842197113496,167300
2004-12-06,6.3292717933654785,6.3292717933654785,6.2419715760233885,6.2419715760233885,143500
2004-12-07,6.1983208656311035,6.329271391469276,6.1983208656311035,6.294351306749796,332150
2004-12-08,6.22451114654541,6.294351316087984,6.180860832441179,6.198320874826822,133300
2004-12-09,6.1983208656311035,6.1983208656311035,6.111020653832404,6.1983208656311035,187950
2004-12-10,6.128481388092041,6.198321565415893,6.119751574066706,6.154671662728632,121750
2004-12-13,6.22451114654541,6.233240959598109,6.119750892231551,6.233240959598109,81800
2004-12-14,6.276890754699707,6.285620567030583,6.22451063187381,6.22451063187381,178600
2004-12-15,6.3467302322387695,6.372920498960049,6.294350115076379,6.3641902712929,82500
2004-12-16,6.294349670410156,6.3292697460514775,6.250699367718435,6.3292697460514775,45550
2004-12-17,6.311811447143555,6.33800171923007,6.268161132426113,6.268161132426113,58900
2004-12-20,6.364190578460693,6.4078408863428855,6.3292704986670145,6.372920806549207,77200
2004-12-21,6.425301551818848,6.434031364477124,6.36419119809,6.425301551818848,88350
2004-12-22,6.407840251922607,6.4427603282589585,6.38164998653027,6.407840251922607,133250
2004-12-23,6.458639144897461,6.458639144897461,6.376999336165061,6.431426019501604,81050
2004-12-27,6.395142555236816,6.440497915441927,6.3679289930778324,6.431427016418863,51450
2004-12-28,6.46771240234375,6.4767833026637565,6.404214369923876,6.404214369923876,117600
2004-12-29,6.449568748474121,6.485853206851469,6.386070730041331,6.467710977662795,193350
2004-12-30,6.47678279876709,6.4858541309263,6.458640566993593,6.47678279876709,32100
2004-12-31,6.503994941711426,6.503994941711426,6.476781383724318,6.494923611534113,28450
2005-01-03,6.413285255432129,6.503996415029452,6.395143023512665,6.494925082797255,71750
2005-01-04,6.304431438446045,6.440498394267204,6.240933842929119,6.395143030690104,100050
2005-01-05,6.422353267669678,6.4495668195862965,6.358855700772124,6.376997924534958,96150
2005-01-06,6.540278911590576,6.549349808549371,6.404211996850265,6.422354223312653,72650
2005-01-07,6.449568748474121,6.531208563550722,6.440497417607352,6.467710977662795,88750
2005-01-10,6.531209468841553,6.558423032669067,6.440498310324711,6.449569642448856,174050
2005-01-11,6.549350738525391,6.594706527394062,6.4949240514099,6.531208509486894,269150
2005-01-12,6.567492961883545,6.576564292667377,6.513066274815129,6.540279834621766,179300
2005-01-13,6.5221381187438965,6.594707040544652,6.5221381187438965,6.594707040544652,134300
2005-01-14,6.576566219329834,6.585637552771192,6.494925948537551,6.540281750654371,120900
2005-01-18,6.594705581665039,6.603776911155823,6.522136675917964,6.585634684719054,83650
2005-01-19,6.612850189208984,6.6400637549354,6.549352157543984,6.612850189208984,89250
2005-01-20,6.5221381187438965,6.603778372042193,6.5130667872463555,6.567493478596922,72050
2005-01-21,6.51306676864624,6.594707021711388,6.51306676864624,6.558422560914631,51300
2005-01-24,6.549350738525391,6.558422069317069,6.522137611240075,6.558422069317069,83900
2005-01-25,6.5221381187438965,6.531209017696544,6.358858044692195,6.531209017696544,63500
2005-01-26,6.630990982055664,6.64006231284267,6.585635625755213,6.585635625755213,158200
2005-01-27,6.567492961883545,6.576564292667377,6.531208503837934,6.558422063644572,68500
2005-01-28,6.585638046264648,6.630993419235179,6.5402822407491,6.585638046264648,88200
2005-01-31,6.621920585632324,6.6672759453698704,6.576564793349885,6.621920585632324,110400
2005-02-01,6.676347255706787,6.676347255706787,6.576564772528272,6.6037783343205545,99100
2005-02-02,6.621920585632324,6.6672759453698704,6.612849254157879,6.6672759453698704,121700
2005-02-03,6.576566219329834,6.603779787108923,6.549352651550744,6.603779787108923,71900
2005-02-04,6.60377836227417,6.658205053544232,6.5856361318508165,6.630991491636754,111400
2005-02-07,6.630990982055664,6.64006231284267,6.549350735152049,6.558422065939054,100850
2005-02-08,6.685418128967285,6.694489460378219,6.630991438136351,6.667275898690307,81950
2005-02-09,6.676347255706787,6.703560384954179,6.6309914635679466,6.658205025360229,118050
2005-02-10,6.694490432739258,6.694490432739258,6.61285016836233,6.630992401274431,109800
2005-02-11,6.776127815246582,6.7851991446961515,6.649132230766182,6.649132230766182,132900
2005-02-14,6.794272422790527,6.830557320760781,6.7670592899940205,6.794272422790527,138300
2005-02-15,6.8668413162231445,6.87591221568619,6.7579874948521725,6.803343289802155,359200
2005-02-16,6.803342342376709,6.803342342376709,6.712631197653991,6.757986553742921,233550
2005-02-17,6.767059803009033,6.821486505273116,6.730775334832978,6.757988469692529,381200
2005-02-18,6.830556392669678,6.857769521768644,6.76705837053061,6.77612926938197,196400
2005-02-22,6.739843845367432,6.830555416182345,6.71263072015882,6.8124131885283274,183150
2005-02-23,6.721704483032227,6.767060287773893,6.703562247644562,6.730775816998564,156000
2005-02-24,6.739843845367432,6.776128300675467,6.721701617713415,6.730772947812836,177100
2005-02-25,6.730773448944092,6.7670579069536405,6.640062303920222,6.703559889164501,144100
2005-02-28,6.649132251739502,6.712630260452391,6.6219191283945475,6.685416704562639,209700
2005-03-01,6.703561305999756,6.703561305999756,6.640063707334902,6.640063707334902,169050
2005-03-02,6.767059803009033,6.767059803009033,6.6854195333404185,6.703561767428446,97400
2005-03-03,6.767059803009033,6.767059803009033,6.71263310074495,6.757988469692529,198750
2005-03-04,6.821483135223389,6.821483135223389,6.721700680762746,6.7761273561381605,518050
2005-03-07,6.812412738800049,6.848697191712729,6.78519918284314,6.794270079798911,153850
2005-03-08,6.821483135223389,6.848696689183479,6.794269581263298,6.839625360348526,188850
2005-03-09,6.921266555786133,6.95755101110116,6.857768542712423,6.903124328128619,218650
2005-03-10,6.848698139190674,6.921267055055526,6.830555910224461,6.9031248260893125,140800
2005-03-11,6.794272422790527,6.930339384407903,6.785201522706673,6.857770453557288,313400
2005-03-14,6.803342342376709,6.86684035995504,6.767057884487621,6.848698131010496,62350
2005-03-15,6.767059803009033,6.83055783858962,6.730775334832978,6.83055783858962,96850
2005-03-16,6.785199165344238,6.830554947640516,6.757985609457513,6.821483618163342,53050
2005-03-17,6.803342342376709,6.812413673121409,6.757986553742921,6.767057884487621,47400
2005-03-18,6.821483135223389,6.839625360348526,6.785198684973112,6.785198684973112,165200
2005-03-21,6.821483135223389,6.884981139433754,6.8033409100982505,6.83055446405834,60150
2005-03-22,6.721704483032227,6.875913700099877,6.721704483032227,6.839629229324549,83200
2005-03-23,6.640063285827637,6.703560880461701,6.594707490336229,6.703560880461701,207450
2005-03-24,6.658203601837158,6.7035589517341405,6.612847819395378,6.612847819395378,92400
2005-03-28,6.594705581665039,6.658203590466129,6.549349799300718,6.612847808101808,110250
2005-03-29,6.46771240234375,6.567494468588607,6.46771240234375,6.54028133508363,115150
2005-03-30,6.576566219329834,6.576566219329834,6.485855047641178,6.485855047641178,108600
2005-03-31,6.567492961883545,6.621920081496819,6.558422063644572,6.594706521690182,139600
2005-04-01,6.503994941711426,6.594706080760399,6.503994941711426,6.567492522773292,2443450
2005-04-04,6.567492961883545,6.576564292667377,6.513066274815129,6.531208503837934,617850
2005-04-05,6.621920585632324,6.630991484561877,6.567493461875441,6.576564793349885,32150
2005-04-06,6.612850189208984,6.667276888116862,6.603779288996814,6.64913465514757,68350
2005-04-07,6.739843845367432,6.748915175466854,6.68541716240538,6.71263072015882,107000
2005-04-08,6.712630748748779,6.748915204211354,6.694488521017492,6.721701646342009,44000
2005-04-11,6.730773448944092,6.785200135958415,6.712631219939318,6.785200135958415,151650
2005-04-12,6.803342342376709,6.803342342376709,6.65820451082036,6.70355986690929,52800
2005-04-13,6.730773448944092,6.7579865761788245,6.721702118169276,6.721702118169276,286250
2005-04-14,6.649132251739502,6.685416704562639,6.603776901982979,6.685416704562639,429550
2005-04-15,6.531209468841553,6.60377882819995,6.531209468841553,6.56749393224829,91350
2005-04-18,6.458639144897461,6.5039949306169955,6.431426019501604,6.449568247280452,152700
2005-04-19,6.576566219329834,6.576566219329834,6.513068182875282,6.513068182875282,341700
2005-04-20,6.47678279876709,6.567493957634571,6.47678279876709,6.567493957634571,55100
2005-04-21,6.621920585632324,6.630991484561877,6.531209001067446,6.576564793349885,117100
2005-04-22,6.531209468841553,6.612849727779172,6.503996337558961,6.612849727779172,187650
2005-04-25,6.585638046264648,6.621922517659081,6.576566712143531,6.6128511835379635,71450
2005-04-26,6.585638046264648,6.630993419235179,6.585638046264648,6.630993419235179,34650
2005-04-27,6.612850189208984,6.630992422178277,6.549352157543984,6.5765657232704,111300
2005-04-28,6.576566219329834,6.612850688005296,6.503997281978909,6.612850688005296,36050
2005-04-29,6.60377836227417,6.621920592697524,6.55842256994334,6.5856361318508165,59200
2005-05-02,6.630990982055664,6.64006231284267,6.585635625755213,6.59470652399736,40300
2005-05-03,6.685418128967285,6.703560359244263,6.621920539270307,6.640062769547285,45500
2005-05-04,6.748916149139404,6.803342839953647,6.6854181269170105,6.6854181269170105,99100
2005-05-05,6.748916149139404,6.794271508545495,6.712631688596576,6.767058379410818,60800
2005-05-06,6.776127815246582,6.812412700500063,6.739843362537896,6.812412700500063,43150
2005-05-09,6.821483135223389,6.821483135223389,6.739842905887884,6.785198684973112,99800
2005-05-10,6.694490432739258,6.785201597299759,6.694490432739258,6.776130264571233,110750
2005-05-11,6.830556392669678,6.830556392669678,6.739844808886756,6.803342831025824,50250
2005-05-12,6.757986545562744,6.794271003407911,6.721702087717578,6.794271003407911,181500
2005-05-13,6.730773448944092,6.7670579069536405,6.667275431154954,6.721702118169276,78650
2005-05-16,6.803342342376709,6.803342342376709,6.70355986690929,6.70355986690929,122350
2005-05-17,6.767059803009033,6.803344271185089,6.6854195333404185,6.730775334832978,147650
2005-05-18,6.776127815246582,6.821483597404837,6.730772465633123,6.7579855888922395,228100
2005-05-19,6.730773448944092,6.785200135958415,6.721702118169276,6.785200135958415,79250
2005-05-20,6.767059803009033,6.776130703780557,6.694490866656922,6.721704001516474,92900
2005-05-23,6.767059803009033,6.803344271185089,6.721704001516474,6.7852020370970605,254600
2005-05-24,6.812412738800049,6.82148363575582,6.757985626886231,6.757985626886231,144750
2005-05-25,6.785199165344238,6.785199165344238,6.712630259706032,6.721701156638409,211800
2005-05-26,6.712630748748779,6.748915204211354,6.7035594186107215,6.7035594186107215,176550
2005-05-27,6.676347255706787,6.739844845647296,6.4858536207954804,6.667275924261063,61550
2005-05-31,6.676347255706787,6.730773946746462,6.667275924261063,6.721702615300738,78950
2005-06-01,6.685418128967285,6.748916151209153,6.667275898690307,6.667275898690307,134650
2005-06-02,6.739843845367432,6.776128300675467,6.71263072015882,6.767057403120871,85950
2005-06-03,6.739843845367432,6.785199630774889,6.730772947812836,6.739843845367432,33500
2005-06-06,6.848698139190674,6.848698139190674,6.803342350502713,6.803342350502713,97250
2005-06-07,6.8668413162231445,6.903125779165163,6.830556853281126,6.848699084752136,110550
2005-06-08,6.83962869644165,6.884984497649596,6.803344228493284,6.884984497649596,71750
2005-06-09,6.8668413162231445,6.8940544471572,6.803343289802155,6.8668413162231445,78100
2005-06-10,6.848698139190674,6.894053495333777,6.839626808435138,6.894053495333777,38200
2005-06-13,6.83962869644165,6.84870002970123,6.794272895233704,6.830557795727047,50100
2005-06-14,6.767059803009033,6.821486505273116,6.739846235604501,6.7852020370970605,57150
2005-06-15,6.812412738800049,6.848697191712729,6.78519918284314,6.80334140929948,137650
2005-06-16,6.830556392669678,6.857769521768644,6.803342831025824,6.812414162422072,112050
2005-06-17,6.8668413162231445,6.9121966786282085,6.839627752744172,6.903125779165163,52100
2005-06-20,6.8577704429626465,6.875912675647272,6.80334374490877,6.839628210278021,62550
2005-06-21,6.848698139190674,6.857769037401352,6.803342350502713,6.839626808435138,52900
2005-06-22,6.8577704429626465,6.912197141016523,6.839628210278021,6.8577704429626465,114200
2005-06-23,6.912197113037109,6.9394106782263645,6.866841747781609,6.866841747781609,143350
2005-06-24,6.903125762939453,6.939410225796186,6.866841300082721,6.9303388938095445,44600
2005-06-27,6.821483135223389,6.884981139433754,6.812412238933202,6.83055446405834,101650
2005-06-28,6.794272422790527,6.848699553473435,6.785201522706673,6.848699553473435,153850
2005-06-29,6.830556392669678,6.830556392669678,6.785200600778217,6.812414162422072,107850
2005-06-30,6.8668413162231445,6.884983547694154,6.821485521273163,6.839627752744172,84600
2005-07-01,6.812412738800049,6.8577680886685,6.794270079798911,6.8577680886685,68050
2005-07-05,6.912197113037109,6.912197113037109,6.821485949981165,6.848699515170421,243850
2005-07-06,6.83962869644165,6.921268965597962,6.830557795727047,6.903126731623779,90900
2005-07-07,6.785199165344238,6.812412721230964,6.676345806886929,6.676345806886929,181350
2005-07-08,6.830556392669678,6.839627291521038,6.739844808886756,6.785200600778217,45250
2005-07-11,6.948480606079102,6.948480606079102,6.848698556950807,6.848698556950807,235050
2005-07-12,6.939410209655762,6.957552441041931,6.903125746883424,6.939410209655762,87900
2005-07-13,6.957553863525391,6.957553863525391,6.903127158239253,6.93034029460982,187950
2005-07-14,6.957553863525391,6.984766999895957,6.921269393334632,6.9756960986207694,1525100
2005-07-15,6.975693702697754,6.975693702697754,6.930337914265037,6.948480143129153,40650
2005-07-18,6.966620922088623,6.966620922088623,6.930336471911971,6.957550025816843,802950
2005-07-19,7.075476169586182,7.102689296578633,7.01197815236237,7.01197815236237,68550
2005-07-20,7.193399906158447,7.229684361148176,7.11176009870397,7.11176009870397,514100
2005-07-21,7.429248809814453,7.456462799676993,7.320395445633212,7.320395445633212,263950
2005-07-22,7.383895397186279,7.392965863901992,7.302255141116152,7.365752733575222,156150
2005-07-25,7.256898403167725,7.338538648617714,7.220613945755474,7.320395987366737,284100
2005-07-26,7.275042533874512,7.302255666157942,7.238757636588373,7.275042533874512,172200
2005-07-27,7.3203959465026855,7.374823064862089,7.302254150442684,7.329467277077536,134750
2005-07-28,7.392964839935303,7.402036170484402,7.329467256271002,7.329467256271002,155150
2005-07-29,7.356680393218994,7.4201788420626755,7.311325470588833,7.411107511500764,83600
2005-08-01,7.45646333694458,7.5018191248939035,7.411107548995256,7.411107548995256,143850
2005-08-02,7.510890960693359,7.5743894214429055,7.492749161257675,7.565318089180133,182400
2005-08-03,7.474604606628418,7.501818596535131,7.429248821873536,7.4927472665662265,141850
2005-08-04,7.383895397186279,7.447392989645349,7.383895397186279,7.447392989645349,70650
2005-08-05,7.311325550079346,7.402036261415595,7.302254219418809,7.374823134523691,127200
2005-08-08,7.429248809814453,7.465533264541534,7.392964355087373,7.429248809814453,53000
2005-08-09,7.501821517944336,7.501821517944336,7.429251715022126,7.4473943820251725,62200
2005-08-10,7.438319683074951,7.483675464971483,7.420177889370089,7.465532806177036,150200
2005-08-11,7.374825954437256,7.402039091734652,7.338541483010715,7.356683286178967,153300
2005-08-12,7.302255153656006,7.365752746224117,7.284112490013793,7.329468284029508,119050
2005-08-15,7.18433141708374,7.247829018329628,7.138975616869563,7.247829018329628,176150
2005-08-16,7.256898403167725,7.311325521830952,7.229684843836111,7.238756174461599,151700
2005-08-17,7.23875617980957,7.383894442110652,7.184329493650984,7.211542620457852,234300
2005-08-18,7.211541652679443,7.238755208379143,7.1571149738248385,7.238755208379143,66000
2005-08-19,7.202470302581787,7.211541198881023,7.157114523451309,7.166185852295311,79950
2005-08-22,7.302255153656006,7.302255153656006,7.238757128542987,7.256899359640291,76100
2005-08-23,7.18433141708374,7.320397952636337,7.166189183507063,7.22968678475295,199550
2005-08-24,7.111761093139648,7.184330013266399,7.093618863107961,7.138974221914738,436000
2005-08-25,7.166187286376953,7.202471743924595,7.120831498169974,7.120831498169974,375400
2005-08-26,7.148044586181641,7.229684394007172,7.138973256120568,7.211542166429852,76100
2005-08-29,7.166187286376953,7.166187286376953,7.04826258307469,7.11176060005549,89350
2005-08-30,7.048264026641846,7.1117620566277875,7.002908229145468,7.084548491620972,158400
2005-08-31,7.102687835693359,7.129901389633365,7.039190264074623,7.039190264074623,140450
2005-09-01,7.211541652679443,7.229683878964312,7.102688294970234,7.129901850669933,364900
2005-09-02,7.23875617980957,7.256898408529099,7.211542620457852,7.2478270778969085,99750
2005-09-06,7.220611572265625,7.247824690107153,7.166184904037859,7.184327126780447,485300
2005-09-07,7.202470302581787,7.2206125277250255,7.175256748594546,7.211541198881023,146800
2005-09-08,7.220611572265625,7.229682467364564,7.202469349523036,7.220611572265625,120850
2005-09-09,7.356680393218994,7.392964850376941,7.229684793166179,7.229684793166179,669200
2005-09-12,7.311325550079346,7.5653167529464325,7.275041092526905,7.5653167529464325,534850
2005-09-13,7.247828006744385,7.265970670333843,7.211543544655282,7.256899338539114,142550
2005-09-14,7.247828006744385,7.265970670333843,7.229685775699833,7.265970670333843,145500
2005-09-15,7.256898403167725,7.265969733793213,7.238756174461599,7.256898403167725,101350
2005-09-16,7.247828006744385,7.275042002128573,7.211543544655282,7.256899338539114,98550
2005-09-19,7.166187286376953,7.184329515150774,7.1299028288293105,7.166187286376953,175000
2005-09-20,7.229685306549072,7.238756637755142,7.184329948153359,7.229685306549072,80250
2005-09-21,7.193399906158447,7.193399906158447,7.1480445536936985,7.193399906158447,88100
2005-09-22,7.18433141708374,7.238758117813773,7.129904716353708,7.15711785044624,202400
2005-09-23,7.1571173667907715,7.193401831492136,7.102690669738724,7.111762002186534,106350
2005-09-26,7.220611572265625,7.238753795008213,7.1752557991367985,7.220611572265625,111450
2005-09-27,7.138973712921143,7.175258170397513,7.120831484182957,7.175258170397513,97750
2005-09-28,7.120831489562988,7.166187277715146,7.111760591459468,7.129902820211361,63400
2005-09-29,7.284112453460693,7.293183785236278,7.111761475173647,7.157116836416852,587300
2005-09-30,7.23875617980957,7.256898408529099,7.157115934299266,7.184329493650984,524450
2005-10-03,7.148044586181641,7.220613496490924,7.120831028543247,7.148044586181641,173900
2005-10-04,7.18433141708374,7.2206158842370955,7.175260084022918,7.211544551176273,83900
2005-10-05,7.148044586181641,7.238755724068246,7.138973256120568,7.229684394007172,157650
2005-10-06,7.011976718902588,7.157114519978059,6.9847631649285535,7.157114519978059,346900
2005-10-07,7.148044586181641,7.157115483697889,7.120831028543247,7.138973256120568,87200
2005-10-10,7.265970706939697,7.302255169211601,7.247828043258837,7.293183837371171,213100
2005-10-11,7.3203959465026855,7.356680403712389,7.284111489292983,7.338538607652386,340450
2005-10-12,7.138973712921143,7.256898415991773,7.138973712921143,7.256898415991773,127850
2005-10-13,7.175259113311768,7.238757138512237,7.148045982900787,7.1661882140230775,88500
2005-10-14,7.18433141708374,7.211544551176273,7.120833383292886,7.15711785044624,71450
2005-10-17,7.1571173667907715,7.211544063842819,7.084548437388041,7.129904234537217,195150
2005-10-18,6.99383544921875,7.084546587283263,6.99383544921875,7.084546587283263,111900
2005-10-19,6.894053936004639,6.930338396256383,6.7942714540399,6.8124141167106576,436100
2005-10-20,6.803342342376709,6.930337944988514,6.803342342376709,6.830555902065953,421800
2005-10-21,6.894053936004639,6.9394097275917614,6.875911705878767,6.875911705878767,108400
2005-10-24,6.912197113037109,6.948481578259487,6.866841747781609,6.903126213003987,62700
2005-10-25,6.930337429046631,6.9666218842344545,6.8577685186709845,6.948479656640543,180400
2005-10-26,6.930337429046631,6.993835441897734,6.884982076334264,6.930337429046631,189000
2005-10-27,6.739843845367432,6.8759107690449754,6.730772947812836,6.8759107690449754,83850
2005-10-28,6.812412738800049,6.830554965256389,6.757985626886231,6.757985626886231,113800
2005-10-31,6.948480606079102,6.948480606079102,6.848698556950807,6.857769455714796,171550
2005-11-01,6.88498067855835,6.9212651263797715,6.866838454647638,6.9212651263797715,62500
2005-11-02,7.048264026641846,7.075477591648661,6.912197066697652,6.912197066697652,104150
2005-11-03,7.066405773162842,7.093619336298135,7.002907747543766,7.075477105056243,155500
2005-11-04,6.966620922088623,7.039190254986692,6.9212655756401915,6.993834475993495,344450
2005-11-07,6.975693702697754,6.9847646008573845,6.921267016105407,6.975693702697754,52550
2005-11-08,6.966620922088623,7.002905372265275,6.113935477847776,6.113935477847776,49850
2005-11-09,7.030120849609375,7.030120849609375,6.930338368050739,6.975694159453269,31100
2005-11-10,6.948480606079102,7.0029072962976855,6.921267477242252,6.975694167460836,78200
2005-11-11,7.030120849609375,7.030120849609375,6.948480598102774,6.948480598102774,49650
2005-11-14,6.939410209655762,7.030121366586606,6.903125746883424,6.9756946724281,101100
2005-11-15,6.894053936004639,6.9394097275917614,6.857769475752895,6.921267497465889,77450
2005-11-16,6.984766006469727,6.984766006469727,6.903126176424457,6.903126176424457,80650
2005-11-17,7.048264026641846,7.057335359159098,6.957552864194031,6.957552864194031,136550
2005-11-18,7.138973712921143,7.138973712921143,7.084547026706586,7.138973712921143,135900
2005-11-21,7.102687835693359,7.157114511028604,7.039190264074623,7.057332489186371,133700
2005-11-22,7.120831489562988,7.120831489562988,7.030120345803526,7.066404803307311,85450
2005-11-23,7.1571173667907715,7.175259599141453,7.093619769835852,7.129904234537217,145200
2005-11-25,7.111761093139648,7.148045553203024,7.048263071756301,7.048263071756301,35200
2005-11-28,7.148044586181641,7.193399938852531,7.120831028543247,7.157115483697889,98350
2005-11-29,7.138973712921143,7.184329501039032,7.129902814824476,7.184329501039032,207950
2005-11-30,7.120831489562988,7.20247173521893,7.075476133955684,7.148045048963254,669150
2005-12-01,7.220611572265625,7.229682467364564,7.1571135763942095,7.1571135763942095,76700
2005-12-02,7.229685306549072,7.256898867622403,7.211543076681811,7.256898867622403,179750
2005-12-05,7.220611572265625,7.2750386730381,7.193398021879387,7.229682467364564,186050
2005-12-06,7.211541652679443,7.229683878964312,7.148044076954801,7.193399426394575,173350
2005-12-07,7.166187286376953,7.220613972698416,7.138973726943795,7.184329515150774,121650
2005-12-08,7.193399906158447,7.211542133653312,7.138973223673855,7.1480445536936985,119200
2005-12-09,7.265970706939697,7.28411250553074,7.211543580986933,7.220614912827363,102100
2005-12-12,7.265970706939697,7.302255169211601,7.238757143963316,7.2750420387801285,243850
2005-12-13,7.302255153656006,7.329468284029508,7.256899359640291,7.256899359640291,77150
2005-12-14,7.302255153656006,7.320396952208402,7.284112490013793,7.320396952208402,88150
2005-12-15,7.302255153656006,7.320396952208402,7.275042023282504,7.284112490013793,73800
2005-12-16,7.302255153656006,7.329468284029508,7.275042023282504,7.329468284029508,76650
2005-12-19,7.311325550079346,7.347610007631787,7.284111558097735,7.320396015650177,114650
2005-12-20,7.347609043121338,7.374822166441013,7.302253260862151,7.329466384181826,219550
2005-12-21,7.365752220153809,7.392965348583719,7.34761042289712,7.383894882500252,100150
2005-12-22,7.347609043121338,7.356679507501501,7.284110601922639,7.329466384181826,148550
2005-12-23,7.385241985321045,7.404057870752705,7.347610214457725,7.385241985321045,131250
2005-12-27,7.375833511352539,7.432281161865211,7.300569977335644,7.385241228801627,390200
2005-12-28,7.394647598266602,7.42287119236276,7.357015840401098,7.357015840401098,106050
2005-12-29,7.40405797958374,7.441689751000204,7.357018489616212,7.366426208167277,128200
2005-12-30,7.432281970977783,7.432281970977783,7.375834314319959,7.432281970977783,50550
2006-01-03,7.63925838470459,7.648666553843902,7.516954877530715,7.516954877530715,425000
2006-01-04,7.723928451538086,7.723928451538086,7.63925674191733,7.667480346053515,233100
2006-01-05,7.733335971832275,7.761559573607818,7.705111472844608,7.71451963917383,395050
2006-01-06,7.8368239402771,7.865047545043467,7.761560396091973,7.761560396091973,185700
2006-01-09,7.88386344909668,7.921495219133879,7.827415345434796,7.827415345434796,449100
2006-01-10,7.81801176071167,7.883867165013468,7.789787246971534,7.846235377239213,468900
2006-01-11,7.88386344909668,7.88386344909668,7.827415345434796,7.855639845871822,477650
2006-01-12,7.770969867706299,7.865048865121921,7.770969867706299,7.865048865121921,245700
2006-01-13,7.808600902557373,7.8368245093732884,7.770969127732058,7.818009070566773,366900
2006-01-17,7.752151966094971,7.761560133102384,7.69570475847487,7.72392836228492,1269950
2006-01-18,7.676888942718506,7.705112548433902,7.53577001692928,7.563993622644675,318700
2006-01-19,7.723928451538086,7.742743888558143,7.686296680285772,7.70511211730583,196250
2006-01-20,7.620440483093262,7.752151219666303,7.601624150890197,7.7145194524722775,445000
2006-01-23,7.723928451538086,7.752152055674272,7.63925674191733,7.752152055674272,204300
2006-01-24,7.714520454406738,7.7427440591648145,7.695705016972094,7.714520454406738,168900
2006-01-25,7.742743492126465,7.7991915947208685,7.714519889435339,7.7333362227041915,361950
2006-01-26,7.808600902557373,7.827416341363889,7.789784566538573,7.818009070566773,263350
2006-01-27,7.940308570861816,7.949716735204097,7.865045050547444,7.865045050547444,280600
2006-01-30,7.921494007110596,7.996757535669345,7.902677676364893,7.95912577138997,254550
2006-01-31,7.921494007110596,7.977941204923641,7.902677676364893,7.921494007110596,368600
2006-02-01,7.968536853790283,7.968536853790283,7.912088738101349,7.9497205161565185,241500
2006-02-02,7.8368239402771,7.930903819114617,7.8368239402771,7.921495651788422,700650
2006-02-03,7.846231460571289,7.855639627121649,7.780376089143059,7.855639627121649,138250
2006-02-06,7.902678966522217,7.959127070762769,7.87445536300803,7.959127070762769,130800
2006-02-07,7.88386344909668,7.996758759208277,7.827415345434796,7.959126989171078,249100
2006-02-08,7.87445592880249,7.87445592880249,7.818008717718278,7.865047761217707,118100
2006-02-09,7.921494007110596,7.949717606017119,7.865045912085518,7.893270408204073,158450
2006-02-10,7.88386344909668,7.88386344909668,7.789783575397597,7.855639845871822,120400
2006-02-13,7.87445592880249,7.921495869514162,7.818008717718278,7.921495869514162,283850
2006-02-14,7.959125995635986,7.977941429699777,7.883862464956709,7.9026778990204996,196850
2006-02-15,7.88386344909668,7.949718822358736,7.855639845871822,7.949718822358736,183500
2006-02-16,7.865046977996826,7.949718683403568,7.855639708561086,7.89327147794051,156550
2006-02-17,7.88386344909668,7.9309033859462215,7.855639845871822,7.893271615909022,126200
2006-02-21,7.912087917327881,7.977943297789721,7.855640704706952,7.883864311017416,542800
2006-02-22,7.88386344909668,7.912087052321537,7.827415345434796,7.855639845871822,125200
2006-02-23,7.893271446228027,7.93090321545626,7.855639676999795,7.855639676999795,89450
2006-02-24,7.959125995635986,7.996757760975624,7.893270630594634,7.893270630594634,97700
2006-02-27,8.090838432312012,8.090838432312012,7.996758560945442,8.006166727524528,223250
2006-02-28,8.04379940032959,8.109654779357589,7.573401785073032,8.090839341297697,487600
2006-03-01,8.184918403625488,8.19432657135076,8.090839418009534,8.128471191698367,348850
2006-03-02,8.10965347290039,8.147285240169984,8.08142987175122,8.137877074049559,233950
2006-03-03,8.090838432312012,8.184917406466434,8.081430265732925,8.137877470783149,434900
2006-03-06,8.147286415100098,8.231958127970321,8.05320743196492,8.222549960493133,257750
2006-03-07,7.949718952178955,8.090838765032089,7.949718952178955,8.090838765032089,998800
2006-03-08,8.08143138885498,8.08143138885498,7.959127897966093,7.9967596723001915,86750
2006-03-09,8.053206443786621,8.137877249054979,8.043798277463873,8.137877249054979,618900
2006-03-10,8.119060516357422,8.184915875670033,8.062612424652341,8.072020589471851,218950
2006-03-13,8.137877464294434,8.184917399940211,8.11906202836341,8.184917399940211,348050
2006-03-14,8.19432544708252,8.222549049173779,8.128470076465536,8.137877345687867,586200
2006-03-15,8.241364479064941,8.241364479064941,8.119061020453673,8.194324549258756,432900
2006-03-16,8.156694412231445,8.213141621491252,8.137878077670035,8.20373435142276,230250
2006-03-17,8.175511360168457,8.203735867225612,8.12847230949796,8.156695919342734,381850
2006-03-20,8.184918403625488,8.231958345039594,8.1661029653872,8.1661029653872,434100
2006-03-21,8.08143138885498,8.175510376084091,8.072023220968388,8.175510376084091,301650
2006-03-22,8.147286415100098,8.147286415100098,8.08143103718425,8.128470977357955,124600
2006-03-23,8.10024642944336,8.137878201928574,8.081430991806867,8.137878201928574,156150
2006-03-24,8.119060516357422,8.147284113603972,8.09083691911087,8.137875948784462,205800
2006-03-27,8.137877464294434,8.156693797437603,8.10024569522024,8.109653861791825,149150
2006-03-28,8.128470420837402,8.23195756436446,8.109654087171299,8.23195756436446,207550
2006-03-29,8.203736305236816,8.231959916588497,8.184919966194077,8.231959916588497,228100
2006-03-30,8.222549438476562,8.278997542543793,8.175509501289234,8.175509501289234,379600
2006-03-31,8.26017951965332,8.288404014521374,8.231955921997258,8.278995849565357,175350
2006-04-03,8.335441589355469,8.363666079295005,8.288402567213247,8.344849752668647,232350
2006-04-04,8.335441589355469,8.363666079295005,8.278994403900066,8.278994403900066,288900
2006-04-05,8.42011833190918,8.438934669859057,8.363671112484301,8.382486553221801,447850
2006-04-06,8.354260444641113,8.420115813342731,8.326036843370721,8.410707647181898,338450
2006-04-07,8.373076438903809,8.448339978792351,8.344852835748647,8.4295245424263,329100
2006-04-10,8.363666534423828,8.429521886776085,8.363666534423828,8.420113722950937,205850
2006-04-11,8.344852447509766,8.41070781754532,8.307220679316288,8.41070781754532,296300
2006-04-12,8.363666534423828,8.401298292512529,8.326034776335126,8.326034776335126,297300
2006-04-13,8.39189338684082,8.401301554318689,8.335445279185842,8.401301554318689,234600
2006-04-17,8.429521560668945,8.457745153840634,8.401297967497257,8.457745153840634,146650
2006-04-18,8.598867416381836,8.617682851567611,8.45774761503402,8.504787548816624,405050
2006-04-19,8.645905494689941,8.664721825002335,8.551826534764013,8.636498226745756,353150
2006-04-20,8.580053329467773,8.645908715671151,8.561237889357812,8.561237889357812,413250
2006-04-21,8.674131393432617,8.721171329611563,8.645906893397955,8.655315060076177,406950
2006-04-24,8.674131393432617,8.711763162933343,8.636499623931892,8.674131393432617,400600
2006-04-25,8.655316352844238,8.71176446413256,8.580052802601337,8.702356296049125,271200
2006-04-26,8.702354431152344,8.739986198209383,8.664722664095304,8.721170763286914,640950
2006-04-27,8.711763381958008,8.768210589022171,8.664723444596419,8.6929470481285,350300
2006-04-28,8.787030220031738,8.84347744827674,8.711766650896724,8.749398435464231,515000
2006-05-01,8.805842399597168,8.890514107791441,8.711763421657453,8.871698671088371,490600
2006-05-02,8.95637035369873,8.975185790348053,8.899922249326398,8.899922249326398,533600
2006-05-03,9.031633377075195,9.097488747391617,8.99400160872122,9.097488747391617,541000
2006-05-04,9.012818336486816,9.031634671967621,8.94696295672851,8.94696295672851,504500
2006-05-05,9.069266319274902,9.069266319274902,8.994002772825505,9.022226378440967,432250
2006-05-08,9.135117530822754,9.172749286880457,9.097485774765051,9.163341123563072,706850
2006-05-09,9.059856414794922,9.097488180805211,8.994001048579934,8.994001048579934,703250
2006-05-10,9.069266319274902,9.125713530505827,9.041041816447194,9.125713530505827,829850
2006-05-11,8.862287521362305,9.07866990528708,8.862287521362305,9.031630880755177,1166550
2006-05-12,8.749394416809082,8.928145087100237,8.674130882243112,8.852881552534265,839950
2006-05-15,8.514195442199707,8.598867140852883,8.420115577649048,8.58005080905792,1031350
2006-05-16,8.589460372924805,8.589460372924805,8.495380493062264,8.570644038067405,482900
2006-05-17,8.54241943359375,8.702354672321494,8.420115962965939,8.702354672321494,1137150
2006-05-18,8.44834041595459,8.523604856949884,8.260181556496889,8.260181556496889,789100
2006-05-19,8.48597526550293,8.523607047063837,8.35426358143353,8.363671751126867,546650
2006-05-22,8.156694412231445,8.20373435142276,7.855640236946571,8.194326184142055,1396250
2006-05-23,8.156694412231445,8.363669606345905,8.137878077670035,8.354261439065198,641500
2006-05-24,8.203736305236816,8.241368086109867,8.090840962617666,8.213143577545758,514350
2006-05-25,8.231956481933594,8.27899641270134,8.119061186418238,8.27899641270134,383700
2006-05-26,8.316627502441406,8.3824828618406,8.260179410662111,8.3824828618406,509500
2006-05-30,8.156694412231445,8.335445104503787,8.137878077670035,8.250774290614077,245600
2006-05-31,8.10024642944336,8.156694536777296,8.043799219321652,8.090839159231226,393050
2006-06-01,8.10965347290039,8.184917007439578,7.977941838850759,7.977941838850759,573400
2006-06-02,8.241364479064941,8.260179912660195,8.156692784856213,8.166100950259858,471850
2006-06-05,8.053206443786621,8.166101748023221,7.977942010416764,8.166101748023221,230450
2006-06-06,7.987354278564453,8.137881428181615,7.8838670875058,8.137881428181615,376350
2006-06-07,7.87445592880249,7.996759415767939,7.865047761217707,7.87445592880249,340350
2006-06-08,7.658071994781494,7.761559126809272,7.460504550695466,7.761559126809272,1666000
2006-06-09,7.733335971832275,7.855639442475792,7.733335971832275,7.789783175383361,304000
2006-06-12,7.582808017730713,7.874453962328807,7.582808017730713,7.799190434870458,211100
2006-06-13,7.573402404785156,7.658074126013767,7.488730683556546,7.5451787967797275,528300
2006-06-14,7.66748046875,7.705112240604505,7.53576971586534,7.59221692504099,1328400
2006-06-15,7.949718952178955,7.949718952178955,7.733336495234541,7.752151931954315,661200
2006-06-16,8.034392356872559,8.081432304422533,7.959128799677548,8.062615966517594,1011650
2006-06-19,7.8368239402771,8.006167363299744,7.770968563418169,8.006167363299744,294100
2006-06-20,7.827415466308594,7.855639967181474,7.752151925071948,7.7897836956902715,131550
2006-06-21,7.959125995635986,7.977941429699777,7.827414368341223,7.874454299318786,209000
2006-06-22,7.88386344909668,7.959126989171078,7.827415345434796,7.959126989171078,335900
2006-06-23,7.865046977996826,7.8838633112926155,7.808599772533768,7.865046977996826,101800
2006-06-26,7.902678966522217,7.959127070762769,7.87445536300803,7.912087133431005,78100
2006-06-27,7.789783477783203,7.959126889434629,7.752151708217571,7.883863350303364,269300
2006-06-28,7.921494007110596,7.921494007110596,7.770966949993098,7.836822313178995,216300
2006-06-29,8.184918403625488,8.231958345039594,7.855640608151258,7.855640608151258,373000
2006-06-30,8.278995513916016,8.288403678490605,8.194323827168622,8.250771917404203,276450
2006-07-03,8.335441589355469,8.344849752668647,8.203730891818307,8.203730891818307,173000
2006-07-05,8.156694412231445,8.222549788771959,8.090839035690934,8.222549788771959,295650
2006-07-06,8.316627502441406,8.363667429388823,8.250772143042212,8.250772143042212,275750
2006-07-07,8.241364479064941,8.316628007870024,8.2037327146624,8.288404408871127,320450
2006-07-10,8.166099548339844,8.335442010473296,8.09083603245567,8.278994822166105,4379350
2006-07-11,8.184918403625488,8.19432657135076,8.015575870631865,8.109654856247822,340000
2006-07-12,8.10965347290039,8.184917007439578,8.062613539510371,8.166101572410833,233750
2006-07-13,7.940308570861816,8.03438841986075,7.921493139389191,8.03438841986075,329850
2006-07-14,7.902678966522217,7.94971890385398,7.827415425676266,7.902678966522217,335700
2006-07-17,7.770969867706299,7.799193477209749,7.714521751487031,7.723929920392304,381150
2006-07-18,7.846231460571289,7.865046896459864,7.752151589491978,7.865046896459864,186150
2006-07-19,8.04379940032959,8.062614838389484,7.770968819369276,7.770968819369276,406000
2006-07-20,7.949718952178955,8.090838765032089,7.930903515459181,8.043798827414378,200600
2006-07-21,7.902678966522217,8.01557517500332,7.865047196099241,7.94971890385398,217650
2006-07-24,8.119060516357422,8.119060516357422,7.968533468093179,7.99675706533973,214150
2006-07-25,8.147286415100098,8.175510020319427,8.05320743196492,8.05320743196492,124900
2006-07-26,8.090838432312012,8.156693803941323,8.053206663207813,8.109653868258038,71500
2006-07-27,8.222549438476562,8.29781297909142,8.184917668169135,8.222549438476562,299000
2006-07-28,8.297810554504395,8.307218718635268,8.156691681388953,8.222547035881236,204000
2006-07-31,8.28840446472168,8.297811732976678,8.25077270006556,8.28840446472168,160250
2006-08-01,8.147286415100098,8.24136629544751,8.100246474926392,8.24136629544751,377300
2006-08-02,8.297810554504395,8.335442313815973,8.241363364142984,8.241363364142984,457200
2006-08-03,8.28840446472168,8.344851663099838,8.23195636913148,8.30721989844372,565600
2006-08-04,8.373076438903809,8.608275225358547,8.326037399382594,8.373076438903809,152500
2006-08-07,8.382486343383789,8.391894512123214,8.335446396899018,8.354262734377867,168450
2006-08-08,8.335441589355469,8.448336857478107,8.335441589355469,8.448336857478107,240850
2006-08-09,8.363666534423828,8.504785402953488,8.35425837059868,8.467153644864785,285850
2006-08-10,8.382486343383789,8.401302680862639,8.326039125371947,8.373078174644364,339250
2006-08-11,8.28840446472168,8.363667994033918,8.260179968320559,8.363667994033918,238400
2006-08-14,8.326038360595703,8.401301909173169,8.288406586306971,8.29781385696995,166100
2006-08-15,8.39189338684082,8.43893332701793,8.35426161414158,8.35426161414158,161100
2006-08-16,8.495380401611328,8.495380401611328,8.420116857416383,8.457748629513855,316650
2006-08-17,8.495380401611328,8.50478856893875,8.438933192071229,8.495380401611328,202300
2006-08-18,8.514195442199707,8.542419042680072,8.457747344026895,8.542419042680072,71450
2006-08-21,8.467155456542969,8.504787222683566,8.429523690402371,8.504787222683566,130800
2006-08-22,8.42011833190918,8.485974617521373,8.410710162934242,8.457750110596558,116450
2006-08-23,8.354260444641113,8.485972079256458,8.354260444641113,8.401300378233172,163450
2006-08-24,8.335441589355469,8.391889672022707,8.307217996627768,8.316626159940947,329000
2006-08-25,8.363666534423828,8.420113722950937,8.344850206773534,8.391890128687383,230150
2006-08-28,8.344852447509766,8.391892382054644,8.297812512964887,8.344852447509766,149350
2006-08-29,8.438932418823242,8.4671560210072,8.363668881524594,8.438932418823242,213000
2006-08-30,8.52360725402832,8.533014526737634,8.476567301631883,8.476567301631883,198650
2006-08-31,8.53300952911377,8.5894576183714,8.51419409750252,8.561234022348556,247600
2006-09-01,8.617681503295898,8.645905100264919,8.561234309357857,8.608273338568901,102100
2006-09-05,8.739984512329102,8.79643260063228,8.655312828480298,8.79643260063228,214250
2006-09-06,8.674131393432617,8.749394932434067,8.636499623931892,8.70235499625512,160850
2006-09-07,8.627090454101562,8.664722219226492,8.561235089435948,8.561235089435948,214150
2006-09-08,8.655316352844238,8.702356296049125,8.627092745806223,8.702356296049125,137050
2006-09-11,8.580053329467773,8.636501444222345,8.533013383374353,8.542421552035506,964300
2006-09-12,8.692948341369629,8.702356509684027,8.533013068874126,8.533013068874126,1066650
2006-09-13,8.692948341369629,8.711764677998424,8.56123757381732,8.56123757381732,360250
2006-09-14,8.645905494689941,8.664721825002335,8.608273731277167,8.655313659846138,88800
2006-09-15,8.63649845123291,8.70235381461403,8.617682120431427,8.6647220502231,157850
2006-09-18,8.749394416809082,8.777618017968296,8.655314549995566,8.692946317278553,247750
2006-09-19,8.63649845123291,8.721170145415513,8.533010426248824,8.721170145415513,398000
2006-09-20,8.749394416809082,8.749394416809082,8.645906383871795,8.702354483402324,294000
2006-09-21,8.702354431152344,8.758802530343953,8.65531449802802,8.749394364276668,219450
2006-09-22,8.63649845123291,8.67413021562384,8.561234922451048,8.67413021562384,230150
2006-09-25,8.683538436889648,8.70235476975635,8.580051297759184,8.67413116766843,277000
2006-09-26,8.702354431152344,8.702354431152344,8.627090897038265,8.67413083016259,158400
2006-09-27,8.749394416809082,8.777618017968296,8.721170815649868,8.730578084561538,274950
2006-09-28,8.777619361877441,8.796435697005887,8.739987588832793,8.787027529441664,114150
2006-09-29,8.777619361877441,8.81525113492209,8.768211194313219,8.777619361877441,162800
2006-10-02,8.899922370910645,8.93755414193557,8.86229059988572,8.881106036792085,240400
2006-10-03,8.928143501281738,8.965775261880562,8.86228814453678,8.88110357623022,502950
2006-10-04,9.031633377075195,9.050448812646117,8.89992173923022,8.91873717480114,301500
2006-10-05,9.11630630493164,9.125714473513073,9.022227310754348,9.022227310754348,318100
2006-10-06,9.078673362731934,9.14452963713813,9.059857925196036,9.069266092570096,132350
2006-10-09,9.04103946685791,9.069263962350623,8.994000435460745,9.069263962350623,259800
2006-10-10,9.135117530822754,9.153932960245687,9.088077611447666,9.116301204187984,623750
2006-10-11,9.11630630493164,9.153938082045025,9.078674527818256,9.125714473513073,262050
2006-10-12,9.257426261901855,9.285649870799313,9.125714591693143,9.125714591693143,731650
2006-10-13,9.229199409484863,9.27623844204506,9.210383078691157,9.257423008463388,711450
2006-10-16,9.266834259033203,9.29505786740811,9.144530759792161,9.27624153034995,507850
2006-10-17,9.125712394714355,9.20097593179641,9.059857024070592,9.163344163255383,410700
2006-10-18,9.153938293457031,9.257426355818172,9.144531021870677,9.200978240238245,533150
2006-10-19,9.295056343078613,9.313871779838829,9.248016405359794,9.266832739332196,446450
2006-10-20,9.313868522644043,9.379724771304382,9.304461256159886,9.313868522644043,373000
2006-10-23,9.389137268066406,9.426769943814046,9.313873710995875,9.36091365846805,562350
2006-10-24,9.398544311523438,9.445584253362558,9.351504369684315,9.445584253362558,590450
2006-10-25,9.52084732055664,9.55847909268484,9.473807381093335,9.483215548428442,555900
2006-10-26,9.709003448486328,9.718411613173396,9.61492449325155,9.661964419474922,685000
2006-10-27,9.643150329589844,9.765453807289127,9.614926726186063,9.727822037013361,841250
2006-10-30,9.530255317687988,9.59611069343315,9.454991774775744,9.59611069343315,622950
2006-10-31,9.530255317687988,9.605518860600233,9.511438983353825,9.59611069343315,552550
2006-11-01,9.652558326721191,9.746637302150136,9.624333826601564,9.746637302150136,3695500
2006-11-02,9.624336242675781,9.680784359873499,9.596112632683115,9.680784359873499,1013300
2006-11-03,9.596110343933105,9.652558447667493,9.549070407023144,9.643150280843066,518400
2006-11-06,9.718414306640625,9.727822473935175,9.624334428119557,9.690190701969192,1278250
2006-11-07,9.774862289428711,9.81249406091821,9.709006016412934,9.774862289428711,613850
2006-11-08,9.746637344360352,9.784269114137334,9.690190138300958,9.699598305048244,342150
2006-11-09,9.76545238494873,9.803084149743421,9.709004289150672,9.746636053945362,566050
2006-11-10,9.80308723449707,9.812495402959238,9.756047289398557,9.784270897572734,394500
2006-11-13,9.812493324279785,9.868940528670358,9.774861555615358,9.793676991341503,583900
2006-11-14,9.897165298461914,9.934797068154417,9.831309028590914,9.934797068154417,637350
2006-11-15,9.92538833618164,9.953611937540655,9.897164734822626,9.934796502372016,1127100
2006-11-16,10.000653266906738,10.057100477502173,9.97242966160902,10.057100477502173,563900
2006-11-17,10.04769229888916,10.04769229888916,9.972428760090992,10.019467798930732,936550
2006-11-20,9.934799194335938,9.99124641234908,9.906574688117013,9.97243097208215,2834350
2006-11-21,10.000653266906738,10.057100477502173,9.981836931900103,10.019468704701138,557400
2006-11-22,10.179403305053711,10.188811471948554,10.047692557374623,10.047692557374623,751050
2006-11-24,10.141768455505371,10.16058478358216,10.085321265698816,10.122953024640488,583950
2006-11-27,10.028876304626465,10.21703515798291,10.028876304626465,10.17940338731162,854000
2006-11-28,10.04769229888916,10.057099568329816,9.934796990691908,10.028875965583541,495150
2006-11-29,10.226444244384766,10.273484186256152,10.169997031908913,10.264076018439422,1766300
2006-11-30,10.320521354675293,10.329928622751726,10.188809732272963,10.282889590733488,3375050
2006-12-01,10.226444244384766,10.273484186256152,10.094732586587336,10.273484186256152,4153200
2006-12-04,10.348745346069336,10.39578527708479,10.264073649683931,10.339337180423835,2112950
2006-12-05,10.527496337890625,10.555720835713526,10.480457302609963,10.49927273727981,1636000
2006-12-06,10.489866256713867,10.53690619676438,10.442827213875585,10.518090759071512,1887350
2006-12-07,10.452234268188477,10.536905979087763,10.442826998142499,10.536905979087763,1241750
2006-12-08,10.376969337463379,10.442825602255525,10.348745736673655,10.424009270254313,733300
2006-12-11,10.480457305908203,10.508680906527898,10.433417373400651,10.508680906527898,741650
2006-12-12,10.471052169799805,10.53690755603861,10.405196783560998,10.527499387372396,825800
2006-12-13,10.39578628540039,10.489865259344215,10.376969952284337,10.489865259344215,837400
2006-12-14,10.565126419067383,10.630982672936513,10.452231137421373,10.630982672936513,785500
2006-12-15,10.649801254272461,10.687433025950687,10.583945878138616,10.687433025950687,805200
2006-12-18,10.649801254272461,10.743881132074131,10.64039398426206,10.734472964851523,871650
2006-12-19,10.527496337890625,10.565128104442405,10.405193769506402,10.489864571338844,1144100
2006-12-20,10.545880317687988,10.661982568409734,10.526530557695255,10.555555659030023,852250
2006-12-21,10.545880317687988,10.63295654438363,10.497505456360486,10.63295654438363,827700
2006-12-22,10.632956504821777,10.681332288660624,10.58458072098293,10.632956504821777,535900
2006-12-26,10.749055862426758,10.778081881025228,10.642629895639184,10.69100567061214,491150
2006-12-27,10.787757873535156,10.874834096666664,10.758732773388418,10.855484337465938,669550
2006-12-28,10.797432899475098,10.903859801393715,10.768407800175144,10.855484020766276,536350
2006-12-29,10.836133003234863,10.942559901851459,10.836133003234863,10.884508782361385,561300
2007-01-03,11.029638290405273,11.165090325409956,10.981263420402852,11.126389875793118,1572350
2007-01-04,11.048985481262207,11.068335238603666,10.932884169139825,10.932884169139825,1458450
2007-01-05,10.913537979125977,11.019964917709121,10.89418821382369,11.019964917709121,1286100
2007-01-08,10.903857231140137,10.923206985215232,10.83613078514967,10.913531646832158,824350
2007-01-09,10.81678581237793,10.913536470901843,10.778085364430073,10.903862050933474,1070200
2007-01-10,10.652307510375977,10.710357714589414,10.54588059816574,10.671657270883335,1756800
2007-01-11,10.691007614135742,10.78775825897884,10.584580705309605,10.584580705309605,734250
2007-01-12,10.855485916137695,10.855485916137695,10.778085022696082,10.80711012706383,654000
2007-01-16,10.9812593460083,11.068334633319875,10.932883571263321,11.068334633319875,1474450
2007-01-17,11.019962310791016,11.078012515656924,10.961911183233738,11.058662754932078,1094350
2007-01-18,11.029638290405273,11.136065218870202,11.00061318386552,11.116714532716033,2027250
2007-01-19,11.223138809204102,11.232813227303664,10.990935243680225,11.116711905887367,1709600
2007-01-22,11.348913192749023,11.46501542298468,11.300538339957201,11.46501542298468,1893000
2007-01-23,11.455342292785645,11.494042736098109,11.358590723158809,11.435991609783738,1510000
2007-01-24,11.542417526245117,11.581117966222575,11.455341305623017,11.552091944221027,1885400
2007-01-25,11.165090560913086,11.426319293355414,11.107039423917618,11.358592813078781,2889400
2007-01-26,11.184440612792969,11.20379037556574,11.078013688122596,11.17476527006085,1355750
2007-01-29,11.32956600189209,11.40696689111681,11.232814429015498,11.232814429015498,1773350
2007-01-30,11.39728832244873,11.406963661535348,11.300537699655912,11.358587888793378,1226150
2007-01-31,11.339241027832031,11.426317256456937,11.223139697229277,11.223139697229277,1744000
2007-02-01,11.523066520690918,11.571442299974429,11.445665642913797,11.445665642913797,3823950
2007-02-02,11.697216987609863,11.803642945961975,11.639165877705292,11.668191894003122,2903300
2007-02-05,11.75527286529541,11.842349110958441,11.716572414188677,11.842349110958441,1778400
2007-02-06,11.822992324829102,11.832666739841295,11.716565455476074,11.822992324829102,2487600
2007-02-07,11.852019309997559,11.910070422806136,11.813318875688886,11.910070422806136,2154550
2007-02-08,11.77462100982666,11.803646111216747,11.658519681574981,11.784296351187134,2838850
2007-02-09,11.658519744873047,11.842346618263429,11.639169062047037,11.697220187833725,1389600
2007-02-12,11.474690437316895,11.648842869045827,11.406964901729518,11.629493111459958,2219250
2007-02-13,11.494040489196777,11.503715828806357,11.406964278092904,11.46501539305921,1276100
2007-02-14,11.697216987609863,11.716566742450661,11.552089674193978,11.600465445332606,2557150
2007-02-15,11.910073280334473,11.92942304078574,11.803646368432757,11.803646368432757,2452950
2007-02-16,11.929421424865723,11.929421424865723,11.85202054816241,11.900396326774787,2031000
2007-02-20,11.939098358154297,11.987474143221432,11.852022129571724,11.890722573087162,3382700
2007-02-21,12.045524597167969,12.13260082755791,11.98747439203559,12.103575724991721,2374950
2007-02-22,12.035850524902344,12.113252344395132,11.977800313647093,12.074550973303001,1998550
2007-02-23,12.084221839904785,12.142272952348534,12.006820971773875,12.142272952348534,1875750
2007-02-26,12.113245964050293,12.229347248098863,12.026169770341118,12.229347248098863,1824500
2007-02-27,11.165090560913086,13.00336334052447,10.01375146850856,11.735922896820526,9307500
2007-02-28,11.310212135314941,11.387613925448594,10.826456252453562,11.271511701593676,5500900
2007-03-01,11.019962310791016,11.126388301506093,10.545880716698793,11.010286969082907,3654700
2007-03-02,10.990936279296875,11.165088739176408,10.971586518583242,10.971586518583242,2643700
2007-03-05,10.671655654907227,10.884508524404682,10.255626178737788,10.739382113155774,4043450
2007-03-06,11.252164840698242,11.290865284375197,11.02963659753723,11.174763953344332,2121150
2007-03-07,11.213464736938477,11.416642303074315,11.136063847238288,11.290865626638663,1414500
2007-03-08,11.42631721496582,11.513392520583183,11.377941430050829,11.387616771572096,1914000
2007-03-09,11.561768531799316,11.61014431766118,11.474692301786238,11.61014431766118,1611650
2007-03-12,11.75527286529541,11.793973316402143,11.64884685542478,11.735923101087812,1810300
2007-03-13,11.2811918258667,11.610146113376338,11.242491375729772,11.590795426962117,2552550
2007-03-14,11.242488861083984,11.252164202126979,10.952235088633325,11.07801175411832,2245100
2007-03-15,11.39728832244873,11.455339434277317,11.194110815085358,11.194110815085358,1490950
2007-03-16,11.319889068603516,11.397289946946449,11.232812849794902,11.387615529172022,955350
2007-03-19,11.513392448425293,11.5617682330371,11.435991562122942,11.445666903583572,1565950
2007-03-20,11.532743453979492,11.561768556482026,11.445667223780518,11.503718351476959,1634050
2007-03-21,11.881044387817383,11.968120595558338,11.619816687285654,11.64884178230226,2729050
2007-03-22,11.977798461914062,12.180976015279724,11.919747336941876,11.99714822177724,1808550
2007-03-23,11.929421424865723,11.987472543738823,11.871371228683854,11.9777972034781,1005550
2007-03-26,11.900395393371582,11.948771168189625,11.755268068917454,11.939095828687783,1542600
2007-03-27,11.977798461914062,12.026174245608997,11.919747336941876,11.99714822177724,872850
2007-03-28,11.77462100982666,11.881046996717865,11.726245225715626,11.881046996717865,1520000
2007-03-29,11.997148513793945,12.04552429866637,11.861697423380775,12.04552429866637,1217650
2007-03-30,11.968121528625488,12.06487308314537,11.852020216816355,12.026172645875658,1445750
2007-04-02,12.045524597167969,12.0939003832392,11.94877394771688,12.05519993892049,1033550
2007-04-03,12.306751251220703,12.31642566868046,12.142274159418973,12.18097459733166,2320050
2007-04-04,12.384156227111816,12.403505991128743,12.32610508967798,12.355131119740662,1496250
2007-04-05,12.53895092010498,12.53895092010498,12.403498958025137,12.4615500625425,1698500
2007-04-09,12.674408912658691,12.761484226828596,12.606682438049063,12.751809807048458,2694800
2007-04-10,12.771157264709473,12.790507946160751,12.69375638428691,12.70343172501255,2727950
2007-04-11,12.655054092407227,12.780830735363262,12.306750181468995,12.751805640124529,3942100
2007-04-12,12.616358757019043,12.664734550429763,12.384156055877398,12.442206269817053,3153150
2007-04-13,12.597007751464844,12.626032855573396,12.509931516447766,12.626032855573396,2739400
2007-04-16,12.819533348083496,12.906609571285992,12.7227817839271,12.761482225051399,3131500
2007-04-17,12.742133140563965,12.858234470084726,12.722782457631498,12.858234470084726,1586050
2007-04-18,12.693757057189941,12.742132840691289,12.62603151390285,12.713107739667011,1887600
2007-04-19,12.297075271606445,12.40350123965925,11.900395572956427,12.393826822702575,7395250
2007-04-20,12.56797981262207,12.59700583500614,12.509929613236496,12.59700583500614,1922100
2007-04-23,12.56797981262207,12.655056034391714,12.519604031339902,12.58733049421145,1404200
2007-04-24,12.500253677368164,12.577654554658455,12.384152361432726,12.577654554658455,1386850
2007-04-25,12.626030921936035,12.655056021599483,12.451878478572787,12.538954700254411,1274650
2007-04-26,12.655054092407227,12.713105205575836,12.577653223309841,12.635704336478451,1563050
2007-04-27,12.577655792236328,12.616356234689402,12.471229806163207,12.6066808934033,1184050
2007-04-30,12.31643009185791,12.548633725416135,12.103578068242571,12.548633725416135,1315350
2007-05-01,12.374475479125977,12.384150818254438,12.180973310012387,12.297074611480541,1730450
2007-05-02,12.684081077575684,12.722781517890747,12.490578876000368,12.567979756630494,1205650
2007-05-03,12.906610488891602,12.935635591125564,12.780833815622616,12.819534259498353,2014650
2007-05-04,13.100111961364746,13.119462643545013,13.003360395846032,13.042060837515256,1105600
2007-05-07,13.051738739013672,13.138814980524323,13.051738739013672,13.10978987425127,903850
2007-05-08,12.877586364746094,12.925961231246447,12.655058103540444,12.916286811561235,1665400
2007-05-09,12.954981803894043,13.022707326632966,12.867905604549117,12.906606035070078,1097450
2007-05-10,12.742133140563965,13.013036242779076,12.71310803885661,13.013036242779076,2048600
2007-05-11,13.090433120727539,13.1388088905543,12.86790587129193,12.89693096411156,1385850
2007-05-14,13.061410903930664,13.196862904732875,12.98401002424119,13.15816246488814,1321350
2007-05-15,12.954981803894043,13.138808618195853,12.935631127288039,13.061407757153928,2524650
2007-05-16,13.158164978027344,13.17751474029978,13.032388293836458,13.129138950581524,1196400
2007-05-17,13.158164978027344,13.187190082781719,13.051738056108894,13.187190082781719,978600
2007-05-18,13.206537246704102,13.216212587282444,13.090435927837772,13.100111268416116,1038200
2007-05-21,13.148486137390137,13.216211671362446,13.080760603417827,13.216211671362446,2380750
2007-05-22,13.138811111450195,13.216211987179907,13.109786013724358,13.216211987179907,1337050
2007-05-23,13.303291320800781,13.40004289948318,13.235565769337963,13.303291320800781,2249900
2007-05-24,13.022711753845215,13.322640884365123,12.954986208082257,13.254914415910806,1797650
2007-05-25,13.100111961364746,13.10978730245488,13.003360395846032,13.10978730245488,781700
2007-05-29,13.148486137390137,13.264587448210323,13.10011036054226,13.158161477297952,1213600
2007-05-30,13.21621322631836,13.25491366781173,12.954985476910942,13.042060778252543,1268700
2007-05-31,13.2452392578125,13.303290385478793,13.196864394563857,13.216214155325039,1223800
2007-06-01,13.225886344909668,13.312962554310442,13.158160814349577,13.3032872148901,2091450
2007-06-04,13.351666450500488,13.371016211666127,13.245239534669604,13.322641347406334,1000850
2007-06-05,13.25491714477539,13.312968283588782,13.148491133424312,13.312968283588782,1697450
2007-06-06,13.100111961364746,13.225888627462549,13.0227110780263,13.225888627462549,1085400
2007-06-07,12.693757057189941,13.109787503533676,12.684081715951407,13.042061037555259,2080850
2007-06-08,13.04206371307373,13.080765085967275,12.655059211053434,12.761485218436137,2307150
2007-06-11,13.138811111450195,13.216211987179907,12.993684700129789,13.042059555442444,1447950
2007-06-12,12.945308685302734,13.158161551011096,12.935633345340717,13.109785773892213,1146150
2007-06-13,13.235562324523926,13.25491208160939,13.022709460436634,13.022709460436634,951350
2007-06-14,13.274263381958008,13.322639160970033,13.158162065943891,13.225887602945983,1064000
2007-06-15,13.371013641357422,13.4000396615633,13.322638786396723,13.351663883911385,901900
2007-06-18,13.380685806274414,13.506462429246913,13.371010468501686,13.506462429246913,1021450
2007-06-19,13.487120628356934,13.496795972496132,13.38069461090055,13.467770862770138,876950
2007-06-20,13.351666450500488,13.535493333685322,13.312966005477818,13.525817991756806,1477900
2007-06-21,13.632243156433105,13.641918497118757,13.41939027480513,13.496791154907799,972300
2007-06-22,13.409710884094238,13.525812169183121,13.274259846169373,13.49678707858365,1573650
2007-06-25,13.25491714477539,13.419394294939863,13.158166477008468,13.274267831943705,1350850
2007-06-26,13.01303482055664,13.216212355685103,13.003359480147846,13.216212355685103,1239700
2007-06-27,13.187188148498535,13.206537907932768,12.86790927495757,12.925959475951577,1784250
2007-06-28,13.158164978027344,13.283940739526784,13.080764083554714,13.19686542526366,802550
2007-06-29,13.196866035461426,13.312967382538675,13.138814900577058,13.254916247654307,1100850
2007-07-02,13.371013641357422,13.380688981426047,13.245236988538933,13.245236988538933,1199100
2007-07-03,13.390365600585938,13.419390700873171,13.312964718025777,13.351665159305856,715250
2007-07-05,13.25491714477539,13.341993391649705,13.158166477008468,13.274267831943705,957000
2007-07-06,13.419390678405762,13.477441801574342,13.274264254521265,13.274264254521265,766900
2007-07-09,13.651591300964355,13.690291736439795,13.564516013162992,13.641916884113868,985850
2007-07-10,13.458090782165527,13.622567883879128,13.409715001186594,13.583867443634238,1164300
2007-07-11,13.525815963745117,13.525815963745117,13.429065327040577,13.467765766260642,1033850
2007-07-12,13.796719551086426,13.825744648966348,13.603217360734902,13.632242458614824,982300
2007-07-13,13.767693519592285,13.787044199957696,13.699967983695789,13.758019102100803,936550
2007-07-16,13.661264419555664,13.98054319099477,13.612888652403159,13.622563990371862,741350
2007-07-17,13.680621147155762,13.758022039761874,13.641920700852706,13.641920700852706,1290900
2007-07-18,13.42906379699707,13.477439571183263,13.225886283567986,13.477439571183263,1575000
2007-07-19,13.574190139770508,13.622565913753228,13.52581436578779,13.545165044457335,751800
2007-07-20,13.574190139770508,13.738667217697067,13.477439514496213,13.719317461718665,1016650
2007-07-23,13.699969291687012,13.777370175155987,13.680619532165423,13.69029395058056,983850
2007-07-24,13.564519882202148,13.77737187668374,13.535493855298036,13.680621221744314,1227000
2007-07-25,13.651591300964355,13.738667511456882,13.477439802670466,13.738667511456882,2645850
2007-07-26,13.022711753845215,13.322640884365123,12.780833750187385,13.187188870147848,2904250
2007-07-27,12.86790943145752,13.158163208031555,12.674407221305268,13.129137184490228,2626950
2007-07-30,13.332315444946289,13.41939167481907,13.119463463803235,13.206538770984647,1924450
2007-07-31,13.090433120727539,13.506463449470191,13.061408027907907,13.47743835665056,1800350
2007-08-01,13.01303482055664,13.042059919091779,12.64538018924365,12.867908405189702,2311050
2007-08-02,13.01303482055664,13.01303482055664,12.838883306654564,12.974334381612707,1550000
2007-08-03,12.432531356811523,12.916287426373193,12.335779773822598,12.86791163487873,2608450
2007-08-06,12.500253677368164,12.529278775679213,12.171299487538805,12.432528140411968,4587500
2007-08-07,12.490580558776855,12.597007475999959,12.297078331132216,12.306753673187298,2403300
2007-08-08,13.109786987304688,13.14848742804358,12.896934101895141,13.100111646447143,1591250
2007-08-09,12.616358757019043,12.877587487822028,12.548633199858942,12.771160557780139,2189950
2007-08-10,12.635706901550293,12.7131077863602,12.335777780893405,12.38415356457243,2835150
2007-08-13,12.693757057189941,12.85823416747973,12.674407297404198,12.771157941715568,1272150
2007-08-14,12.432531356811523,12.819535843384267,12.413180671137146,12.751810288906908,1641800
2007-08-15,11.929421424865723,12.374476927255389,11.813320109810753,12.151949637406172,2095050
2007-08-16,11.658519744873047,11.75527039092907,10.836134178594472,10.932885747341837,5722200
2007-08-17,12.403510093688965,12.664738914507456,12.016505458430274,12.035855228847291,5964950
2007-08-20,12.413183212280273,12.674411986212478,12.239030696325472,12.674411986212478,3043700
2007-08-21,12.084221839904785,12.277724010232063,11.977795876897567,12.2583742545449,2407800
2007-08-22,12.761481285095215,12.77115662533647,12.364801562116066,12.364801562116066,2102200
2007-08-23,12.722779273986816,12.916282364125463,12.480901334004626,12.887256346989997,2532200
2007-08-24,13.109786987304688,13.187187868782472,12.722781657224486,12.809857879559813,1471250
2007-08-27,12.86790943145752,13.02271119957932,12.82920898942707,13.02271119957932,1936900
2007-08-28,12.239026069641113,12.713107636892179,12.14227542611189,12.713107636892179,1447100
2007-08-29,13.0033597946167,13.05173557513933,12.61635539581818,12.61635539581818,3072250
2007-08-30,12.635706901550293,12.80018308975285,12.345453122167475,12.616356219002151,1193700
2007-08-31,12.86790943145752,13.090436742459778,12.809858307066184,13.02271119957932,1598950
2007-09-04,12.925955772399902,13.05173240210441,12.751804296624547,12.76147871222409,1091050
2007-09-05,12.838885307312012,12.93563595840268,12.68408260472244,12.848559726537104,1912100
2007-09-06,13.109786987304688,13.12913674632849,12.964659642515379,13.00336008325427,1220300
2007-09-07,12.906610488891602,13.003361137235261,12.790509157264392,12.867910045015865,1434300
2007-09-10,12.984009742736816,13.090435719329617,12.771156866859963,13.071085961172404,913100
2007-09-11,13.409710884094238,13.4484113124572,13.177508313916476,13.177508313916476,1102450
2007-09-12,13.467765808105469,13.545166686786088,13.32263939125212,13.429065368765158,1149250
2007-09-13,13.564519882202148,13.661270537141574,13.41939251575587,13.545169197599407,869250
2007-09-14,13.47744369506836,13.554844588373257,13.341991670439072,13.438743248415909,745800
2007-09-17,13.158164978027344,13.27426631973629,13.080764083554714,13.148489635545404,1025000
2007-09-18,13.767693519592285,13.777368859774992,13.148486510958673,13.341988701156676,2075250
2007-09-19,13.835420608520508,14.028922807534453,13.77736948747069,13.893470806879057,1360050
2007-09-20,13.661264419555664,13.71931552467687,13.525812456066856,13.68061509549307,1514350
2007-09-21,13.62257194519043,13.69997284875582,13.448419450822524,13.448419450822524,1181950
2007-09-24,13.980544090270996,14.115996062472536,13.883793472433673,14.077295630799393,1472700
2007-09-25,13.97087287902832,13.97087287902832,13.787046004946559,13.92249801716404,1802250
2007-09-26,14.164374351501465,14.212749207676797,13.961196818414864,14.212749207676797,1501200
2007-09-27,14.45462703704834,14.493327475222438,14.338525722526047,14.464302377264671,2711800
2007-09-28,14.338526725769043,14.483654071094652,14.270801184898534,14.396577848437545,1501750
2007-10-01,14.84163761138916,15.025464527315835,14.512683308759952,14.628784664507045,2276200
2007-10-02,14.822280883789062,14.89968175607847,14.706179575354954,14.89968175607847,1657200
2007-10-03,14.473980903625488,14.7158589261308,14.454630218933177,14.667483137091452,2237400
2007-10-04,14.725534439086914,14.812610675828319,14.638458202345507,14.677158649487083,1192450
2007-10-05,15.209288597106934,15.257664380687036,14.91903481831765,14.91903481831765,1768000
2007-10-08,15.025459289550781,15.151235945104867,14.89000821640887,15.151235945104867,933500
2007-10-09,15.383441925048828,15.393117267434473,15.151239243941935,15.180264348407439,1528100
2007-10-10,15.093186378479004,15.160911917875373,15.015785498399934,15.141561236509968,1454900
2007-10-11,15.093186378479004,15.451165679517521,15.006110157717233,15.38343921742988,3741850
2007-10-12,15.383441925048828,15.412467952205764,15.09318903501093,15.09318903501093,2025800
2007-10-15,15.035136222839355,15.38344020556809,14.899684212654737,15.38344020556809,2285500
2007-10-16,14.744881629943848,14.996434953841286,14.686831430700611,14.996434953841286,2508950
2007-10-17,14.938389778137207,15.160918090990489,14.725537732597815,15.122217635193175,1918900
2007-10-18,14.986761093139648,15.073837323295297,14.851309999734303,14.899684862984,1126300
2007-10-19,14.338526725769043,14.783582257256581,14.338526725769043,14.773907839054575,2022700
2007-10-22,14.35787582397461,14.415926017549257,13.738667915467493,14.125673204293637,3900750
2007-10-23,14.648133277893066,14.657807697483596,14.42560501886522,14.638457935611111,2018800
2007-10-24,14.396576881408691,14.51267819625579,13.99989715834163,14.396576881408691,3445250
2007-10-25,14.6094331741333,14.657808041294901,14.386904909885864,14.648133621477449,1628200
2007-10-26,15.044811248779297,15.064161008290736,14.85130904020835,14.957735024249542,1142450
2007-10-29,15.112536430358887,15.180261971069232,15.006110448858161,15.160912212019687,2352500
2007-10-30,14.822280883789062,14.986757968076846,14.822280883789062,14.967408211350085,1405350
2007-10-31,15.22864055633545,15.238315898987105,14.84163607718379,15.102863869938295,1584100
2007-11-01,14.638461112976074,14.909364296831994,14.551384858920908,14.851314075922966,3055700
2007-11-02,14.696507453918457,14.754558582193262,14.367554135999171,14.735207898537867,1760150
2007-11-05,14.464305877685547,14.532032352898721,14.174052059791594,14.212752507331357,1829250
2007-11-06,14.754559516906738,14.754559516906738,14.512681492039414,14.754559516906738,1834100
2007-11-07,14.20307445526123,14.590078831688832,14.12567357997571,14.512677956403312,2109750
2007-11-08,14.106327056884766,14.348205094105275,13.767697435699457,14.299829302122875,2994550
2007-11-09,13.961198806762695,14.473979921319422,13.912823021006467,14.473979921319422,3021050
2007-11-12,13.506468772888184,13.932173685229989,13.477443668628645,13.738671452347349,2179400
2007-11-13,14.174047470092773,14.174047470092773,13.680617154411339,13.680617154411339,2380650
2007-11-14,13.845094680786133,14.183723267365743,13.719318032276728,14.183723267365743,1974500
2007-11-15,13.390365600585938,13.932171778507058,13.332314477320166,13.932171778507058,1745250
2007-11-16,13.535494804382324,13.583870596589772,13.332317215264233,13.39036835045147,1797750
2007-11-19,13.148486137390137,13.341988322090447,13.003358806846505,13.264587448210323,1616600
2007-11-20,13.525815963745117,13.632242863618739,13.158162252500112,13.341989108122615,2554900
2007-11-21,12.954981803894043,13.245234571455738,12.838880512331157,12.925955788985037,2586400
2007-11-23,13.2452392578125,13.34199082969253,13.148488608623842,13.167838369385024,1769400
2007-11-26,12.974336624145508,13.535493547170624,12.964661282064391,13.39036710671949,1896250
2007-11-27,13.467765808105469,13.516141587953669,13.090435832519004,13.090435832519004,6162550
2007-11-28,13.883796691894531,13.980547332166992,13.5451671442127,13.5451671442127,2636050
2007-11-29,13.748340606689453,13.9708678436746,13.690289501607102,13.9708678436746,2462100
2007-11-30,13.912824630737305,14.203078456166024,13.854773496574971,13.980550185017131,1793300
2007-12-03,13.748340606689453,14.019243610794724,13.69996483956933,14.019243610794724,1835650
2007-12-04,13.883796691894531,14.067623554296109,13.593542925694573,13.593542925694573,3409350
2007-12-05,14.222423553466797,14.241774232736796,14.07729714970648,14.07729714970648,1624250
2007-12-06,14.386903762817383,14.386903762817383,14.048275106227827,14.116000653007465,4416800
2007-12-07,14.232100486755371,14.338526466584014,14.115999166208322,14.27080092693772,4314200
2007-12-10,14.164374351501465,14.280475667166488,14.125673912946457,14.145023670878341,1443550
2007-12-11,13.728991508483887,14.319174274328645,13.728991508483887,14.22242272896983,2468000
2007-12-12,14.00957202911377,14.406252687704972,13.84509585311121,14.203075149476799,2266500
2007-12-13,13.767693519592285,13.9418459521161,13.641917787982,13.690292643513084,2237200
2007-12-14,13.42906379699707,13.787043049669048,13.42906379699707,13.680617084612347,3052450
2007-12-17,12.935636520385742,13.29361588262539,12.935636520385742,13.216214989313652,2518900
2007-12-18,13.264591217041016,13.429068351441503,13.06141363470462,13.390367903505592,1649600
2007-12-19,13.177513122558594,13.30328979130847,13.119462920176392,13.264589348823225,2614750
2007-12-20,13.246864318847656,13.467979719968106,13.065950846555976,13.457929717017135,2062650
2007-12-21,13.437824249267578,13.668991509383257,13.39762137253166,13.39762137253166,1776000
2007-12-24,13.739346504211426,13.799650340937776,13.568484035966428,13.62878883120498,518200
2007-12-26,13.719245910644531,13.819753592906956,13.638840148239511,13.648891108168213,598500
2007-12-27,13.53833293914795,13.76949925814713,13.498130059386689,13.668992538000111,1241700
2007-12-28,13.488079071044922,13.739347308644847,13.488079071044922,13.719245389550968,898650
2007-12-31,13.859957695007324,13.870008655821396,13.689095195217622,13.769500964705438,916200
2008-01-02,13.558433532714844,13.900158480690417,13.538332572634523,13.85995560201754,4797000
2008-01-03,13.568487167358398,13.588589089914523,13.467979471602625,13.568487167358398,1772950
2008-01-04,13.266963958740234,13.538334140085215,13.216710114952754,13.467978375377806,2034150
2008-01-07,13.29711627960205,13.387573009424493,13.16645762376116,13.246863392822803,2579350
2008-01-08,13.015692710876465,13.35741761998179,12.995591753082572,13.287062829934973,2506600
2008-01-09,13.467975616455078,13.52828040834905,13.216707407502467,13.277012199396438,3560550
2008-01-10,13.478034019470215,13.638845608662487,13.156410841085673,13.186562774431055,4431950
2008-01-11,13.136302947998047,13.287064463289655,13.065948149302642,13.146353907386603,1841100
2008-01-14,13.04584789276123,13.096101737594855,12.965442124432375,13.025746929935199,2553400
2008-01-15,12.432750701904297,12.824729447825662,12.352344952768448,12.734272740419797,2227500
2008-01-16,12.211636543273926,12.442803831258853,11.99052117382506,12.20158654176247,5524750
2008-01-17,12.161385536193848,12.623719224970946,12.13123265147119,12.483008638469236,3008650
2008-01-18,12.281990051269531,12.503105380145296,12.080975680240597,12.31214196729584,2737900
2008-01-22,12.080977439880371,12.332245679892734,11.055802560544034,11.709099601171275,4497950
2008-01-23,12.271939277648926,12.271939277648926,11.437728906448978,11.578439447541458,4279600
2008-01-24,12.432750701904297,12.513156451040144,12.261888245362583,12.382496869066356,2201650
2008-01-25,12.603618621826172,13.015698504402629,12.513161875209379,12.965444649780792,2514650
2008-01-28,12.462904930114746,12.503107812140447,12.221687637960548,12.261890519986247,3041300
2008-01-29,12.362399101257324,12.513159680164016,12.271942370508357,12.503108719300267,1149600
2008-01-30,12.131232261657715,12.442805350859546,12.05082648867255,12.20158803190405,2180000
2008-01-31,12.241791725158691,12.342298468757562,11.83976187522576,11.869914760966656,3025250
2008-02-01,12.402602195739746,12.483007966983408,12.211637770151752,12.231739692218866,4794200
2008-02-04,12.503108978271484,12.6136676330379,12.422703206720858,12.442805128864716,2490350
2008-02-05,11.970420837402344,12.312145855320157,11.950319873207878,12.251841045711895,3660150
2008-02-06,11.779458045959473,12.201588862109917,11.759356122089219,12.01062441939246,1796050
2008-02-07,11.910116195678711,12.01062292700398,11.628695047538274,11.729202737375912,1562100
2008-02-08,11.890013694763184,11.970419459309209,11.709100245278469,11.789506009824493,2314850
2008-02-11,11.829708099365234,11.829708099365234,11.558337965311212,11.749301388210126,1371100
2008-02-12,12.080977439880371,12.271940880544369,12.010621680888566,12.09102744101154,2211200
2008-02-13,12.23173999786377,12.312145771116597,12.030725564731698,12.16138518589565,948700
2008-02-14,12.292040824890137,12.493056167087884,12.231736989040563,12.402599454801335,1415550
2008-02-15,12.613668441772461,12.633769406692705,12.412654000007706,12.432754964927948,2111150
2008-02-19,12.623717308044434,12.91518843984938,12.563412506268929,12.895086519753443,1254600
2008-02-20,12.553362846374512,12.56341380746346,12.292043609136295,12.34229745606863,1478400
2008-02-21,12.422703742980957,12.704124914068876,12.382500855470175,12.704124914068876,1937600
2008-02-22,12.694073677062988,12.694073677062988,12.352348661381592,12.493059243871704,1376350
2008-02-25,12.95539379119873,12.95539379119873,12.553363939252314,12.764429347933248,2696050
2008-02-26,12.885040283203125,12.915193174400711,12.593569044548397,12.784533521415812,2110600
2008-02-27,12.7744779586792,12.945340446568492,12.673970274563505,12.714173156507321,7370600
2008-02-28,12.643821716308594,12.724227501586185,12.593567860881954,12.653872679096434,1406500
2008-02-29,12.211636543273926,12.543310555959525,12.171433661691195,12.543310555959525,2957700
2008-03-03,12.15132999420166,12.2216847816762,12.020670418526018,12.15132999420166,1608650
2008-03-04,12.101079940795898,12.191536672075014,11.890014553982095,12.030725131362095,1353750
2008-03-05,12.271939277648926,12.35234502726973,12.070924903596916,12.261888319318288,1975150
2008-03-06,11.930219650268555,12.211639898673681,11.900067720424719,12.161387001771477,1812500
2008-03-07,11.829708099365234,12.050823439877203,11.688997552984018,11.809606181948412,2234000
2008-03-10,11.69904899597168,11.890012426775478,11.558338443765786,11.769403792818519,2712700
2008-03-11,12.352347373962402,12.412652176890752,12.060876236585415,12.131231041241552,3473150
2008-03-12,12.121185302734375,12.462909444477287,12.111134338959172,12.372453646038453,2499050
2008-03-13,11.960370063781738,12.091029687890146,11.63874696352255,11.809609475163356,2203950
2008-03-14,11.769404411315918,12.1915351316049,11.588490971617134,12.06087553165714,2414000
2008-03-17,11.879963874816895,12.040775419343786,11.548289824602076,11.55834078576311,2232550
2008-03-18,12.543310165405273,12.563412084826888,12.181484242426679,12.221687122757633,2892550
2008-03-19,11.729203224182129,12.30209458790166,11.72920322418213,12.171434969094811,1524600
2008-03-20,12.191533088684082,12.241786920014132,11.809605312492653,11.900062017184322,3401050
2008-03-24,12.663918495178223,12.88503383557248,12.292040691262414,12.292040691262414,4714300
2008-03-25,12.975493431091309,12.975493431091309,12.694073234436289,12.834783812019994,1578550
2008-03-26,12.724224090576172,12.854883696254204,12.663920247040043,12.814680814392679,2032100
2008-03-27,12.784526824951172,12.985541201748234,12.774475866483279,12.925236409453037,1286500
2008-03-28,12.834784507751465,13.02574798334792,12.734276809955999,12.874987395167162,12505100
2008-03-31,12.834784507751465,12.955393169998558,12.804631623305358,12.834784507751465,4311600
2008-04-01,13.447876930236816,13.51823173390638,12.995594269409613,12.995594269409613,2022400
2008-04-02,13.337319374084473,13.488079942985483,13.26696361121999,13.488079942985483,2838600
2008-04-03,13.457926750183105,13.538332507139879,13.297114277757329,13.337318114747946,1115650
2008-04-04,13.437824249267578,13.50817904392739,13.287063701135928,13.478027126003498,913450
2008-04-07,13.578537940979004,13.68909563797249,13.427776399428893,13.518233132656478,1889400
2008-04-08,13.307167053222656,13.367471858427004,13.246863206530671,13.297116092603206,861600
2008-04-09,13.055901527404785,13.246865985181449,13.005647672278686,13.166460200384716,1138200
2008-04-10,13.246864318847656,13.297117209139842,13.10615373389719,13.186559508579617,1019100
2008-04-11,13.226759910583496,13.337318548881951,13.126253190372118,13.246861829733128,1800250
2008-04-14,13.04584789276123,13.166457503766878,13.005645008596803,13.065949814099627,1242950
2008-04-15,13.337319374084473,13.337319374084473,13.09610112192561,13.116203042318983,939550
2008-04-16,13.588591575622559,13.638844474180589,13.417729036689984,13.508184829201994,1192400
2008-04-17,13.568487167358398,13.689095827157871,13.467979471602625,13.608690053958222,1570600
2008-04-18,13.729297637939453,13.829805325819512,13.628790908571741,13.769500521389006,1889450
2008-04-21,13.799653053283691,13.809704014217683,13.648892473323356,13.658943434257349,724600
2008-04-22,13.779555320739746,13.900164004688904,13.689098568149722,13.789606284030329,2148400
2008-04-23,13.930312156677246,13.95041407780465,13.789602542834832,13.870008310319742,1335500
2008-04-24,13.859957695007324,13.940363464495139,13.608689425729807,13.859957695007324,1564950
2008-04-25,13.739346504211426,13.779549381533059,13.578534994924887,13.779549381533059,1209800
2008-04-28,13.668993949890137,13.859957408852948,13.65894298928358,13.749399717717885,850100
2008-04-29,13.618741035461426,13.769501620806556,13.52828430084938,13.638841999534979,1582250
2008-04-30,13.638843536376953,13.819757025986608,13.568488716423214,13.568488716423214,1236500
2008-05-01,13.819754600524902,13.839856521847965,13.618740179856104,13.679044026800561,1494150
2008-05-02,14.020769119262695,14.15142873323941,13.930312389700939,14.071022964409488,1434650
2008-05-05,14.020769119262695,14.171530654703076,14.020769119262695,14.071022964409488,1169850
2008-05-06,14.121275901794434,14.141376863453573,13.91021053255577,14.010717257876085,1100700
2008-05-07,13.668993949890137,13.950414137287254,13.618740105369705,13.930312216074137,1842200
2008-05-08,13.598634719848633,13.65893950961273,13.508178014458544,13.62878759398674,1245300
2008-05-09,13.60869026184082,13.61874122327242,13.488081600198964,13.588589297490064,879300
2008-05-12,13.819754600524902,13.859957484658663,13.558435374399282,13.608689219194574,1177700
2008-05-13,13.668993949890137,13.789602601631758,13.538334337541958,13.71924683589821,2656800
2008-05-14,13.518234252929688,13.739350623753264,13.4880823255259,13.57853906624975,3175300
2008-05-15,13.729297637939453,13.739348598429928,13.50818129971073,13.538334181182156,2875750
2008-05-16,13.859957695007324,13.89010961893716,13.658943271287786,13.809703849449345,3018150
2008-05-19,13.789602279663086,13.910210928588658,13.739348436316012,13.829805162638277,3130250
2008-05-20,13.528285026550293,13.71924850879885,13.498133099566306,13.64889369299872,2519700
2008-05-21,13.548388481140137,13.739352956989789,13.518236548615908,13.689099097107636,2634400
2008-05-22,13.588591575622559,13.689098331251216,13.528286755435285,13.578540612505915,1352350
2008-05-23,13.377525329589844,13.518234970619519,13.307169550562465,13.447880150104682,1906150
2008-05-27,13.447876930236816,13.50818077380721,13.297115404286206,13.427775010038475,1678050
2008-05-28,13.53833293914795,13.54838294020407,13.427774300920289,13.47802814024993,1822150
2008-05-29,13.628790855407715,13.719246623932095,13.478029324175726,13.478029324175726,1093500
2008-05-30,13.809700012207031,13.870004801822448,13.779548096655379,13.809700012207031,1605700
2008-06-02,13.618741035461426,13.729298734147026,13.508182378263403,13.668994883413944,1446050
2008-06-03,13.417725563049316,13.588588057748249,13.357420758474019,13.548384215689817,1791000
2008-06-04,13.377525329589844,13.467981116603546,13.317220513068168,13.347372442072736,1119600
2008-06-05,13.558433532714844,13.628789289276556,13.317216260677585,13.317216260677585,1719700
2008-06-06,13.166457176208496,13.397623514774848,13.146355255370201,13.367471592029746,1853600
2008-06-09,12.985542297363281,13.236810529187627,12.955390377927785,13.156404771684816,1152550
2008-06-10,12.804632186889648,12.945342778294062,12.804632186889648,12.834785072662907,1587250
2008-06-11,12.724224090576172,12.925238499883791,12.684021208714649,12.80462985429922,1972650
2008-06-12,12.804632186889648,12.945342778294062,12.744328332368104,12.79458122496523,2627000
2008-06-13,12.804632186889648,12.85488603799926,12.593566779039271,12.673972557409654,1109450
2008-06-16,12.905135154724121,12.99559186183393,12.804627489377195,12.804627489377195,1074000
2008-06-17,12.844834327697754,12.985544910903963,12.844834327697754,12.915190098557073,1459850
2008-06-18,12.91518783569336,12.935288796336692,12.764426317563178,12.854883036738833,929550
2008-06-19,12.854883193969727,12.895086074260387,12.724223593397017,12.804629353978335,696100
2008-06-20,12.603618621826172,12.814684044427839,12.563415729831215,12.78453211505976,1692350
2008-06-23,12.704126358032227,12.764430216896372,12.653872503303736,12.714176362167882,964450
2008-06-24,12.603618621826172,12.734278260437923,12.533263800463136,12.653872476448008,1335200
2008-06-25,12.850465774536133,12.952050874794546,12.718406500502438,12.748881643065037,1398950
2008-06-26,12.4542875289917,12.779358339279431,12.352702416383066,12.698090636707498,1773600
2008-06-27,12.61682415008545,12.708250566486978,12.545715145678715,12.58634900088078,1236200
2008-06-30,12.60666275024414,12.708247850935942,12.566028903724883,12.586346311378172,998450
2008-07-01,12.474599838256836,12.494917241563765,12.25111421460328,12.32222318860331,1871450
2008-07-02,12.322224617004395,12.596502811932687,12.271432071636275,12.515235126858585,1820400
2008-07-03,12.29175090789795,12.464445000976564,12.210483213365345,12.413652449696853,1127900
2008-07-07,12.4542875289917,12.637139375384832,12.261276008792782,12.535555231563633,1580600
2008-07-08,12.596504211425781,12.59650421142578,12.322225986024709,12.423810119259898,1486550
2008-07-09,12.332386016845703,12.637139418127507,12.312068606740285,12.535555273962718,2137650
2008-07-10,12.494919776916504,12.494919776916502,12.281591842842783,12.362859534986361,1335800
2008-07-11,12.433971405029297,12.596506826984577,12.30191113249375,12.38317884347139,1457750
2008-07-14,12.474599838256836,12.637135189563825,12.352698324776593,12.57618491721726,1261000
2008-07-15,12.159693717956543,12.444130720302944,12.119059860478485,12.312070441302362,2327750
2008-07-16,12.61682415008545,12.626982856082847,12.230802041272062,12.230802041272062,1557350
2008-07-17,12.77935791015625,12.77935791015625,12.515237401272758,12.647297655714505,1521700
2008-07-18,12.535553932189941,12.566029075298655,12.43396883011112,12.555870371333306,893000
2008-07-21,12.738726615905762,12.799677887409898,12.657458899758643,12.698092757832203,756000
2008-07-22,12.698088645935059,12.708247349360752,12.515235859421663,12.576187111188554,1180000
2008-07-23,12.93173599243164,12.96221210973268,12.769200575309446,12.87078569540457,4112750
2008-07-24,12.708247184753418,12.921575109993423,12.626979495975059,12.921575109993423,1705350
2008-07-25,12.67777156829834,12.80983180989986,12.647296426017158,12.80983180989986,932050
2008-07-28,12.484763145446777,12.68793240952815,12.423811881828632,12.647298556711876,956650
2008-07-29,12.738726615905762,12.759044029336339,12.444130902675559,12.47460605403383,1129950
2008-07-30,12.850465774536133,12.90125832466534,12.687930389152525,12.728564235498428,1455500
2008-07-31,12.525397300720215,12.687932715910138,12.505080858215221,12.687932715910138,802000
2008-08-01,12.393336296081543,12.616822963060434,12.3730198547857,12.505080113964706,1185150
2008-08-04,12.251119613647461,12.41365503658349,12.240960907517074,12.301911206724315,1189250
2008-08-05,12.535553932189941,12.555870371333306,12.301908584923583,12.403493687002406,2568100
2008-08-06,12.413650512695312,12.444125651192923,12.312065425987026,12.444125651192923,1572750
2008-08-07,11.956518173217773,12.190162489243818,11.895566934505242,12.190162489243818,1890600
2008-08-08,12.047943115234375,12.098735650745567,11.773664973533197,11.85493264283629,1694350
2008-08-11,11.915886878967285,11.997155544123677,11.865095295327158,11.875253030782769,952850
2008-08-12,11.702561378479004,11.85493808619137,11.64161011412157,11.743195231788134,759300
2008-08-13,11.78382682800293,11.875252253846078,11.702559136950823,11.702559136950823,608800
2008-08-14,11.865093231201172,11.915884806005279,11.712715600427284,11.712715600427284,1454550
2008-08-15,11.611135482788086,11.743195754113533,11.600976776812084,11.682244487045049,640150
2008-08-18,11.540021896362305,11.69239953192767,11.418120369182343,11.69239953192767,875600
2008-08-19,11.418121337890625,11.44859744886161,11.326694942552276,11.357171053523262,688850
2008-08-20,11.641608238220215,11.661924677207296,11.540023136922835,11.580656983684321,627650
2008-08-21,11.580657005310059,11.61113311702858,11.428280321866765,11.43843902577294,408400
2008-08-22,11.722877502441406,11.722877502441404,11.590817240575552,11.6111346510722,489900
2008-08-25,11.347012519836426,11.570499159701473,11.336853816027261,11.550181752083143,555850
2008-08-26,11.38764476776123,11.45875374686893,11.265743245524954,11.387644767761229,1009050
2008-08-27,11.468916893005371,11.529868162133315,11.377490473707235,11.509550749494815,875250
2008-08-28,11.479071617126465,11.519705459519646,11.418120369143086,11.438437774733286,505600
2008-08-29,11.428278923034668,11.631448132353398,11.428278923034668,11.519705309424898,444800
2008-09-02,11.448596000671387,11.702557747247553,11.377486052854778,11.570497522773485,985850
2008-09-03,11.235270500183105,11.31653819898331,11.14384409683603,11.255586940489463,928100
2008-09-04,10.625761032104492,10.981307915572913,10.56480977796033,10.981307915572913,2241850
2008-09-05,10.747660636901855,10.808611880074086,10.55465014296622,10.625759119344536,1872550
2008-09-08,11.133683204650879,11.296218570314991,10.920355295019931,11.214950887482935,1009600
2008-09-09,10.737504959106445,11.143844434196055,10.717188518185045,11.03210061837239,1623350
2008-09-10,10.839088439941406,10.950831270172198,10.727345609710612,10.839088439941406,1017700
2008-09-11,10.727348327636719,10.757823476550561,10.28037495589195,10.402276520334837,1510250
2008-09-12,10.76797866821289,10.798453807180866,10.49369951113952,10.503858213724579,1910150
2008-09-15,10.178789138793945,10.453067371743034,10.127996586384896,10.188946874245868,1694700
2008-09-16,10.351483345031738,10.432752018622763,9.914669673909446,9.955303526311228,2287200
2008-09-17,9.701340675354004,10.006095020365818,9.599755570754281,9.884192507331207,2020900
2008-09-18,10.270217895507812,10.392119479482034,9.711502544489559,9.975622158706532,5868600
2008-09-19,11.001626014709473,11.001626014709474,10.828931898824564,11.001626014709474,17400
2008-09-22,10.554651260375977,10.910197148695968,10.544492557307256,10.910197148695968,1127950
2008-09-23,10.351483345031738,10.56481131233796,10.249899198421014,10.392117197433521,1419450
2008-09-24,10.37180233001709,10.442911340317357,10.249900754307658,10.290534612877469,977950
2008-09-25,10.442907333374023,10.554651128155616,10.188945572560929,10.260055524363915,1394750
2008-09-26,10.270217895507812,10.270217895507814,9.975622158706532,9.975622158706532,1655050
2008-09-29,9.355953216552734,9.843559431811054,9.071516257652048,9.772450434282739,1936800
2008-09-30,9.894351959228516,9.934985810381486,9.73181655461664,9.75213396458684,1436900
2008-10-01,9.965460777282715,10.046728470226345,9.68102288319269,9.894350819366549,1194550
2008-10-02,9.508330345153809,9.802926022346329,9.457538755365857,9.701341873982946,1678000
2008-10-03,9.315319061279297,9.792767524728959,9.254367801967412,9.488013165744336,1394550
2008-10-06,8.746442794799805,8.776918903976668,8.27915311074761,8.675333810961616,2105150
2008-10-07,8.492484092712402,9.122309377619983,8.431533789959705,9.010566510048307,1562800
2008-10-08,8.268998146057129,8.71597057369836,8.147096574882248,8.390899717232012,3290950
2008-10-09,7.974400043487549,8.705809779534427,7.8321815778883135,8.583908237592224,3276400
2008-10-10,8.13693618774414,8.268996438103564,7.375050798677176,7.649329519365535,2732350
2008-10-13,9.030879974365234,9.030879974365234,8.370578858037678,8.451846538695351,1514850
2008-10-14,8.604227066040039,9.142625874027845,8.44169164995221,9.091833314303525,3351400
2008-10-15,7.649329662322998,8.350264291491534,7.618854033057542,8.350264291491534,1388100
2008-10-16,8.0759859085083,8.116619762095246,7.385209913136495,7.771232006606215,2398100
2008-10-17,7.689962863922119,8.05566747793736,7.507110072520845,7.568060841523385,2222200
2008-10-20,8.116618156433105,8.147094267185022,7.811864314818654,7.811864314818654,1473800
2008-10-21,7.618854522705078,7.913450192164843,7.588378891481018,7.913450192164843,1519150
2008-10-22,6.978869438171387,7.263306838384537,6.7553832900274875,7.2531481349084475,2148550
2008-10-23,6.917919635772705,6.989029116846511,6.511580643510706,6.816335008805633,1924750
2008-10-24,6.288094997406006,6.481106047207401,5.963023679152009,6.064608314733335,2431050
2008-10-27,6.064608573913574,6.349046050090906,6.05445035211819,6.186510626214586,1523550
2008-10-28,7.151566505432129,7.1617252131459805,6.420156503819366,6.643642745191813,2462200
2008-10-29,6.755383014678955,7.0804537623656945,6.603005859503986,6.724907389886512,2212450
2008-10-30,7.364892959594727,7.496953225469545,7.161723692397887,7.283625252715991,2674150
2008-10-31,7.141407489776611,7.375052412940126,7.090614925630452,7.1210905609969055,2472500
2008-11-03,7.446159362792969,7.578219605546556,7.385208593305234,7.476634989733665,1395700
2008-11-04,7.496952056884766,7.6391705217543,7.395367439120812,7.5680610471227,3179850
2008-11-05,7.182039737701416,7.578220002310885,7.161722813475127,7.578220002310885,1547400
2008-11-06,6.856968879699707,7.222674022247264,6.785859398417381,7.182040171341281,2159350
2008-11-07,7.45631742477417,7.466475643284269,7.232830804828595,7.283623350559939,1364300
2008-11-10,7.3750529289245605,7.547746593437417,7.222675710219028,7.547746593437417,1431950
2008-11-11,6.948394298553467,7.192197369326887,6.846809201337566,7.11092967906908,1470350
2008-11-12,6.694433689117432,6.999187580610699,6.6537998369183295,6.907761655359582,1332600
2008-11-13,7.253147602081299,7.253147602081299,6.470945414448939,6.846808696367199,1855200
2008-11-14,6.653798580169678,7.039820103150612,6.653798580169677,6.806175254939018,1774150
2008-11-17,6.633481979370117,6.877285058330818,6.613165056123393,6.684274045290101,1370950
2008-11-18,6.59284782409668,6.674116003641979,6.3693616624297045,6.582689604399563,1016900
2008-11-19,6.156033039093018,6.572530172842885,6.156033039093018,6.379519660417546,1373750
2008-11-20,5.9528656005859375,6.308412075846176,5.820805328965523,6.034133311000419,1840400
2008-11-21,6.603006362915039,6.613165066751557,6.08492409270044,6.349044579725999,2699100
2008-11-24,6.633481979370117,6.836651211837368,6.409995339262483,6.470946109002658,2102700
2008-11-25,6.603006362915039,6.755383529707195,6.430312272843506,6.65379891331031,1383900
2008-11-26,7.0296630859375,7.029663085937499,6.684274864043109,6.684274864043109,1932300
2008-11-28,6.907762050628662,6.9687128324149805,6.745226148138058,6.836652563014413,798000
2008-12-01,6.27793550491333,6.6131654869120196,6.216984731202757,6.603006782430079,1643900
2008-12-02,6.511582374572754,6.511582374572753,6.298254359033174,6.4099977206000585,1604600
2008-12-03,6.552215099334717,6.58269073243584,6.308411972100753,6.32872889937025,1304750
2008-12-04,6.308412075042725,6.52174005705045,6.1966687310401625,6.308412075042725,1759350
2008-12-05,6.59284782409668,6.643640375763283,6.318569110763101,6.501421909247934,1955500
2008-12-08,6.9991865158081055,7.161722384271281,6.907760604465826,6.9991865158081055,2443550
2008-12-09,6.958556175231934,7.13125034999902,6.9280810175635645,6.978873108475479,1215950
2008-12-10,7.253147602081299,7.344573989075213,7.151562996751175,7.24298938374509,915300
2008-12-11,7.080455303192139,7.334417122285589,7.0601383770404125,7.202357344496229,1403700
2008-12-12,7.202358722686768,7.263309512805044,6.958555077819839,6.978872007859265,975550
2008-12-15,7.171881198883057,7.354733521138984,7.029662726017336,7.354733521138984,1007900
2008-12-16,7.507111072540283,7.568061849662053,7.232832333295458,7.324258741174972,2376800
2008-12-17,7.435999870300293,7.557901388405156,7.354731707170142,7.364890409209002,1059300
2008-12-18,7.364892959594727,7.5883791535112515,7.273466547159278,7.507111446632515,1190700
2008-12-19,7.293782711029053,7.517269365965059,7.293782711029053,7.364892189307544,1854350
2008-12-22,7.23283052444458,7.2531474450708,7.060136456924915,7.2531474450708,1049400
2008-12-23,7.050741195678711,7.209541777659782,7.00839444112551,7.156608586874848,1082600
2008-12-24,7.220129489898682,7.400102963566484,7.146022409108512,7.146022409108512,461250
2008-12-26,7.1883697509765625,7.220130075265347,7.114262664178216,7.167196369721782,530800
2008-12-29,7.347168922424316,7.400102112777409,7.27306185015423,7.3365819814658195,913400
2008-12-30,7.5059709548950195,7.505970954895019,7.3471703434946845,7.368343724693847,894950
2008-12-31,7.463621616363525,7.548315111927488,7.378927615986508,7.400100989877499,832300
2009-01-02,7.675355434417725,7.760048930855002,7.537728250300617,7.558901624409937,1185350
2009-01-05,7.8447418212890625,7.897675504879784,7.770635270037674,7.834155387458729,1684650
2009-01-06,7.812983512878418,7.908263454870417,7.770636759812392,7.770636759812392,1610250
2009-01-07,7.4847941398620605,7.664767545081094,7.42127402540599,7.569487625803487,1610500
2009-01-08,7.527141571044922,7.527141571044923,7.31540733201934,7.410687764821504,1244800
2009-01-09,7.273060321807861,7.410687496468836,7.209540203844262,7.400100557735058,765650
2009-01-12,7.061328887939453,7.198956107285325,6.997808749352094,7.198956107285325,567450
2009-01-13,7.0401530265808105,7.0930862043367515,6.944872599881905,7.0719128322717735,1438400
2009-01-14,6.870768070220947,6.923701772242768,6.754314733474053,6.881355012550589,1296550
2009-01-15,6.574338912963867,6.913113400529936,6.574338912963867,6.807246026106565,1503400
2009-01-16,6.955458641052246,7.029565181313266,6.775484749310435,7.029565181313266,1486600
2009-01-20,6.584927558898926,6.786074931115287,6.5425807968337155,6.786074931115287,3056850
2009-01-21,6.9766340255737305,7.008393836341376,6.680206264468203,6.839006832745697,1698750
2009-01-22,6.775486469268799,6.860179968102535,6.637859281257442,6.754313094560365,1319700
2009-01-23,6.764902114868164,6.849595646069445,6.521407960257847,6.616688435265922,2539400
2009-01-26,6.828418731689453,6.976632839450329,6.764898616140366,6.870765475388845,2190100
2009-01-27,6.860179424285889,6.944872916405846,6.828419112334389,6.9342864822973675,2033900
2009-01-28,7.156607627868652,7.2413011256258795,7.050740250859051,7.114260374176972,2054100
2009-01-29,6.944875240325928,7.103675843595813,6.891942042444767,6.923701860210823,1595650
2009-01-30,6.828418731689453,6.966045901118979,6.764898616140366,6.891939352051546,1617800
2009-02-02,6.7437262535095215,6.828419753582941,6.659032753436103,6.680206128454457,1054250
2009-02-03,6.828418731689453,6.881352413720196,6.711965438922629,6.796658926321412,1675100
2009-02-04,6.807244300842285,6.944871448861266,6.775484500415089,6.828417669398057,1361600
2009-02-05,6.807244300842285,6.923698080305494,6.66961765763623,6.690791026192001,1523100
2009-02-06,7.01898193359375,7.082502070413803,6.817834581256993,6.870767776200451,1679850
2009-02-09,6.796658992767334,6.860179108937411,6.743725310219098,6.817832364824026,1661900
2009-02-10,6.5108208656311035,6.828421575653831,6.489647484962922,6.817835137726347,2163550
2009-02-11,6.7437262535095215,6.839006693498659,6.659032753436103,6.754313193425239,2714950
2009-02-12,6.669619560241699,6.680205995133056,6.468472249175221,6.606098931641278,2169950
2009-02-13,6.65903377532959,6.764900666667668,6.637860397061973,6.754314229940438,2919650
2009-02-17,6.29908561706543,6.41553944582302,6.2461524256760805,6.41553944582302,3134850
2009-02-18,6.404952526092529,6.436712337566616,6.309672082044063,6.404952526092529,2469300
2009-02-19,6.320257663726807,6.500231587142381,6.288497856543489,6.394364721842935,1364750
2009-02-20,6.1932172775268555,6.288497706428398,6.087350414754597,6.097937353438334,1729100
2009-02-23,6.150871753692627,6.362606026090662,6.11911194096145,6.330845708546364,2786950
2009-02-24,6.457886695861816,6.489647016980391,6.182632767024611,6.182632767024611,2649400
2009-02-25,6.320257663726807,6.436711467962713,6.2143907984273605,6.383778287719507,1096700
2009-02-26,6.214390754699707,6.362604869889054,6.150870635967,6.299084246343317,2404100
2009-02-27,6.07676362991333,6.150870688136553,6.045003822684115,6.097937507816852,1993900
2009-03-02,5.7379913330078125,5.907378367105608,5.685057632445661,5.907378367105608,3489950
2009-03-03,5.812095642089844,5.8756162599252715,5.7062287870524395,5.822682580000077,2804600
2009-03-04,6.066176891326904,6.108523635382592,5.917963287131996,5.9814834032155275,4541700
2009-03-05,5.716817378997803,5.854444582772319,5.685057060890941,5.790923946558596,1771950
2009-03-06,5.790923118591309,5.875617119829291,5.663882873953922,5.790923118591309,2206500
2009-03-09,5.568603038787842,5.706229720442094,5.483909036091213,5.505082410562104,4304700
2009-03-10,5.769750118255615,5.907377311268282,5.737990307445363,5.769750118255615,2465800
2009-03-11,5.843858242034912,5.928551759268099,5.7803381041100215,5.822684862726615,1555200
2009-03-12,5.907378196716309,5.960311895751669,5.759164546155734,5.790924361726417,2504800
2009-03-13,6.01324462890625,6.0873517009109355,5.960311438742727,6.01324462890625,1290150
2009-03-16,6.07676362991333,6.246151119450265,6.076763629913329,6.140284253997827,902950
2009-03-17,6.172046661376953,6.172046661376954,5.960312841273193,6.002659605293945,1247600
2009-03-18,6.288498878479004,6.320258690823565,6.076764608658427,6.108524925816103,1903900
2009-03-19,6.172046661376953,6.352020660871773,6.161460222778389,6.341433717459962,1292100
2009-03-20,6.140285015106201,6.3202584562771245,6.140285015106201,6.256738329132134,1266250
2009-03-23,6.701379299163818,6.711966238756765,6.489645555435524,6.531992304181183,1961400
2009-03-24,6.637861251831055,6.796661861693785,6.637861251831055,6.701381394813502,1961550
2009-03-25,6.65903377532959,6.807247423202899,6.574340262259127,6.659033775329589,2252250
2009-03-26,6.997807025909424,7.061327148852841,6.934286902966007,6.944873337716712,1163150
2009-03-27,6.817831993103027,6.8919390436675,6.786071684343116,6.881352105809869,758500
2009-03-30,6.584927558898926,6.59551450182184,6.426127453560998,6.5425807968337155,1257000
2009-03-31,6.669619560241699,6.754313058624833,6.616685871345705,6.637859245941489,975000
2009-04-01,6.807244300842285,6.828417669398057,6.637857352396108,6.66961765763623,1627800
2009-04-02,7.135435104370117,7.304822636881772,7.1248486675455425,7.1566089876455905,3046750
2009-04-03,7.230714321136475,7.251887695971496,7.103674072126343,7.114260507137316,1042600
2009-04-06,7.2413010597229,7.283647808216117,7.167193997453241,7.198954311229684,2032350
2009-04-07,7.01898193359375,7.146022207233856,7.018981933593749,7.146022207233856,1081300
2009-04-08,7.061328887939453,7.124849026526812,7.00839518671006,7.0507419457683,1034750
2009-04-09,7.378929615020752,7.389516557240895,7.304823038732514,7.304823038732514,1246850
2009-04-13,7.431863784790039,7.495383927673842,7.357756699018991,7.357756699018991,778250
2009-04-14,7.4847941398620605,7.569487625803487,7.410687087256814,7.463620768376703,1552700
2009-04-15,7.6330084800720215,7.654181853609561,7.453034552596416,7.474207926133955,974250
2009-04-16,7.654182434082031,7.760049309798384,7.601248743817313,7.622422118960583,2012350
2009-04-17,7.685943603515625,7.728290358509116,7.611836529870447,7.696530039857429,938900
2009-04-20,7.325995445251465,7.474209082953991,7.1883682435497,7.431862329324698,1792050
2009-04-21,7.5059709548950195,7.505970954895019,7.2730632568910005,7.3154100192893265,1019450
2009-04-22,7.30482292175293,7.442450139531678,7.294235979702326,7.304822921752929,1232950
2009-04-23,7.580073833465576,7.622420575175542,7.3048200123508,7.4212738044596955,797350
2009-04-24,7.5165557861328125,7.5800759161504105,7.474209032787746,7.516555786132812,1389550
2009-04-27,7.273060321807861,7.400100557735058,7.262473887887106,7.262473887887106,923800
2009-04-28,7.325995445251465,7.37892863488152,7.177781807548938,7.25188837399364,779150
2009-04-29,7.569489479064941,7.67535636241144,7.474209031646532,7.527142725726341,1278200
2009-04-30,7.7494635581970215,7.876503820262597,7.696529863263135,7.812983689229809,1330950
2009-05-01,7.791810989379883,7.855331125933,7.717703910994661,7.791810989379884,595050
2009-05-04,8.511706352233887,8.628159683194783,8.257625806704837,8.31055900128347,3961450
2009-05-05,8.564638137817383,8.62815775519272,8.532878329129714,8.617571825380908,2473000
2009-05-06,9.178666114807129,9.36922697838651,9.07279874401279,9.157492236797832,3347750
2009-05-07,9.178666114807129,9.496267217564075,9.136319368414608,9.496267217564075,2967000
2009-05-08,9.549201965332031,9.612721587174482,9.379813951291066,9.45392152294217,2096950
2009-05-11,9.019866943359375,9.125733314798916,8.998693063295763,9.104560444361477,2160550
2009-05-12,9.083385467529297,9.168078958305127,8.966932170119042,9.136319151670703,1307900
2009-05-13,8.966934204101562,9.062214655243487,8.903413566798188,9.051627714088545,1125350
2009-05-14,8.92458724975586,8.966934003803432,8.797546987613138,8.871653554789829,1187250
2009-05-15,8.861066818237305,9.009280965635256,8.797547190514097,8.945760328285768,675600
2009-05-18,9.273946762084961,9.295119630960155,9.115145702203572,9.136319580704862,1440350
2009-05-19,9.496270179748535,9.591550641259191,9.422162593225588,9.443336477839685,1977300
2009-05-20,9.475095748901367,9.676243602633683,9.46450880720465,9.655069719240247,1468150
2009-05-21,9.189252853393555,9.221012660088745,9.104559362455683,9.115145291603378,1211800
2009-05-22,9.390400886535645,9.517441139779926,9.35864107563112,9.443334577793975,1976200
2009-05-26,9.475095748901367,9.612722962079706,9.252775021401947,9.2845358464921,2927350
2009-05-27,9.432746887207031,9.665654504439308,9.432746887207031,9.602133878057376,1684600
2009-05-28,9.644482612609863,9.676243437156863,9.464508645348781,9.570376041252821,2064400
2009-05-29,9.866802215576172,9.951495718828879,9.708002149383896,9.813869533262878,2173250
2009-06-01,10.110298156738281,10.173817787922276,10.0256046420754,10.089124273259394,2418500
2009-06-02,10.163228988647461,10.216161663159108,10.067948559124822,10.067948559124822,6787050
2009-06-03,9.972668647766113,10.09970889052176,9.856215344313298,10.057362142936544,3624950
2009-06-04,10.02560043334961,10.06794717290398,9.909146142355661,10.03618636101877,3805700
2009-06-05,10.036188125610352,10.194989184079532,10.015015256923448,10.099708750923241,2122950
2009-06-08,9.81386947631836,9.91973584995686,9.676242281924736,9.877389098576222,1202100
2009-06-09,9.845629692077637,9.940910139006405,9.813869879643457,9.824455810704029,1114200
2009-06-10,10.004427909851074,10.120882216572104,9.835040928757993,10.078535471298833,2521000
2009-06-11,10.046774864196777,10.173815102660285,9.972668310832915,9.993841179097133,1346900
2009-06-12,10.015015602111816,10.025602541633212,9.866801477690624,9.930322105192884,1972850
2009-06-15,9.591548919677734,9.70800223527396,9.485681534862106,9.686828354460351,1560050
2009-06-16,9.390400886535645,9.570374831038256,9.337467195277315,9.549201960310636,1320100
2009-06-17,9.379814147949219,9.464507651932301,9.242186951570156,9.31629452477501,1584900
2009-06-18,9.3374662399292,9.40098686486542,9.231599877870273,9.326880310461563,881500
2009-06-19,9.432746887207031,9.549201200636222,9.41157401816379,9.506853443297532,872750
2009-06-22,9.199841499328613,9.369229540852062,9.168081683254494,9.358642598951906,1228400
2009-06-23,9.162507057189941,9.226505371550749,9.109174450399356,9.15184033238485,667900
2009-06-24,9.429167747497559,9.589164528127538,9.397168594818508,9.45050017687202,1629000
2009-06-25,9.653165817260742,9.663832542738355,9.4291696684055,9.450502102125798,920900
2009-06-26,9.642498970031738,9.663832420717597,9.567833927101061,9.610499811237865,1253600
2009-06-29,9.674498558044434,9.706498735492945,9.599833511801169,9.706498735492945,1149550
2009-06-30,9.621167182922363,9.706498956928483,9.54650111774077,9.67449877874995,2103500
2009-07-01,9.781164169311523,9.834496783270698,9.717164829113514,9.717164829113514,1527700
2009-07-02,9.450502395629883,9.589166779440571,9.418503235438175,9.589166779440571,2263000
2009-07-06,9.450502395629883,9.471835847247664,9.269172125818598,9.343838189245867,1721800
2009-07-07,9.30117416381836,9.42917184742435,9.25850826928303,9.42917184742435,976350
2009-07-08,9.237173080444336,9.354505031330632,9.13050887273449,9.301172418858222,1675600
2009-07-09,9.482501983642578,9.557167025193852,9.461168533350843,9.514501141845281,2120150
2009-07-10,9.51450252532959,9.535834961488332,9.226507007923727,9.493169071935801,784750
2009-07-13,9.493168830871582,9.51450228372364,9.30117284137816,9.343838729847256,988200
2009-07-14,9.653165817260742,9.653165817260742,9.514501437756552,9.599833207107602,1444650
2009-07-15,10.111824035644531,10.143824212749639,9.951827219058808,9.951827219058808,1966150
2009-07-16,10.111824035644531,10.175823372619792,9.983826378928963,10.047825715904223,1797300
2009-07-17,10.197154998779297,10.22915415292175,10.101156519117168,10.13315567325962,1373650
2009-07-20,10.367820739746094,10.41048662685472,10.30382140046566,10.378486448597009,1532800
2009-07-21,10.31448745727539,10.410485951349493,10.218488963201288,10.389152500561949,1877150
2009-07-22,10.335819244384766,10.421152024962966,10.229155048823017,10.28248765522132,2362500
2009-07-23,10.602482795715332,10.698481297697972,10.39982008271254,10.410486808985059,1989450
2009-07-24,10.655815124511719,10.709147737211207,10.570483351086528,10.591816803060315,1138600
2009-07-27,10.911811828613281,10.911811828613281,10.783814152242947,10.83714677170603,1495650
2009-07-28,10.965141296386719,11.061139780380584,10.890476260940295,11.00780717624679,1398150
2009-07-29,10.815814018249512,10.933144963852076,10.783813837165566,10.901145800003208,1469250
2009-07-30,11.125139236450195,11.242470153103074,11.082473356100529,11.114472512054073,1241150
2009-07-31,11.231802940368652,11.263803112165714,11.135804459447032,11.221137233671081,1063050
2009-08-03,11.455801010131836,11.477134461634163,11.317136627071566,11.402468398610969,1207450
2009-08-04,11.25313949584961,11.306472113004691,11.17847342493847,11.221140332450586,1886400
2009-08-05,11.00780963897705,11.05047552838258,10.869145244100318,11.05047552838258,3630850
2009-08-06,10.97580623626709,11.07180470465399,10.837141894956527,11.050471259574834,1907750
2009-08-07,10.954475402832031,10.975807833781445,10.815811041339055,10.901142799606301,2437350
2009-08-10,10.837143898010254,10.890476503331078,10.762478860902,10.847810622521385,1210100
2009-08-11,10.741145133972168,10.858477066089199,10.666480098795736,10.815811186383408,2174400
2009-08-12,10.847809791564941,10.943808270341849,10.71981215894065,10.71981215894065,1125400
2009-08-13,10.933144569396973,10.997143912020764,10.837146064078807,10.922477842753834,1361450
2009-08-14,10.922473907470703,11.02913910100136,10.794476285574719,11.01847237820136,1282600
2009-08-17,10.442485809326172,10.517150857610883,10.303821421629575,10.495818422630247,2476250
2009-08-18,10.709146499633789,10.751812381415801,10.613148011315547,10.634481460823983,1325500
2009-08-19,10.655815124511719,10.74114689793691,10.485151577661338,10.527817464373934,1141500
2009-08-20,10.815814018249512,10.869145618919264,10.645149437507037,10.698482055411867,702050
2009-08-21,10.837143898010254,10.96514154043933,10.837143898010252,10.837143898010252,1660250
2009-08-24,10.97580623626709,11.061137982114413,10.933140363343428,11.007805386651173,1203850
2009-08-25,11.07180404663086,11.189134935889017,11.03980489814856,11.09313647320753,1050800
2009-08-26,11.061141014099121,11.103806898717988,10.997142695788286,11.071807739562571,1119500
2009-08-27,11.16780948638916,11.18914192629325,11.007811609549984,11.082477692302357,1438250
2009-08-28,11.157139778137207,11.231804823713928,11.093140441046478,11.231804823713928,1069850
2009-08-31,10.911811828613281,10.965144448076364,10.84781349904567,10.92247855595292,2112900
2009-09-01,10.815814018249512,11.029143472633756,10.751814673316698,10.879812345947245,2611600
2009-09-02,10.826478958129883,10.91181073381531,10.78381307028717,10.80514652282603,1719700
2009-09-03,11.07180404663086,11.07180404663086,10.933139713561442,10.986472305855001,1646800
2009-09-04,11.231802940368652,11.263803112165714,11.082472874254828,11.103805304884753,1963900
2009-09-08,11.434468269348145,11.445133977578445,11.370468933791702,11.445133977578445,1247600
2009-09-09,11.455801010131836,11.509133621652701,11.381135964343597,11.413135124362134,1393400
2009-09-10,11.541131019592285,11.551797743714873,11.3491350715597,11.413133381825627,1183000
2009-09-11,11.498467445373535,11.551800059442982,11.413135669756421,11.551800059442982,837300
2009-09-14,11.381134033203125,11.413133187792075,11.263803121553789,11.27446882826025,1942700
2009-09-15,11.37047004699707,11.39180350001614,11.253139107097269,11.317137431684422,1560700
2009-09-16,11.573132514953613,11.60513167374459,11.445133845319868,11.498466454794775,3921900
2009-09-17,11.498467445373535,11.541133333182092,11.391803234469647,11.477135010086759,1408400
2009-09-18,11.402470588684082,11.455803210448547,11.338472256354846,11.434470772083852,1229700
2009-09-21,11.221137046813965,11.338467956411687,11.221137046813965,11.27446863111808,3524600
2009-09-22,11.519801139831543,11.594466190755865,11.498467686861723,11.55180030205125,2027200
2009-09-23,11.402470588684082,11.615801075741944,11.402470588684082,11.583800892342174,1059300
2009-09-24,11.263806343078613,11.530468414468178,11.242472889094612,11.434469906010323,1919850
2009-09-25,11.306468963623047,11.413133150987171,11.274468791902509,11.2958022397162,1034850
2009-09-28,11.381134033203125,11.45579906632227,11.253136397612545,11.253136397612545,1112550
2009-09-29,11.402470588684082,11.455803210448547,11.338472256354846,11.445136482648625,1903500
2009-09-30,11.46646785736084,11.573133081532603,11.41313524527496,11.519800469446722,2025850
2009-10-01,11.18913745880127,11.45579946316108,11.17847073449052,11.413133583152902,2810450
2009-10-02,11.07180404663086,11.135802343595458,11.007804732431671,11.07180404663086,2857000
2009-10-05,11.146472930908203,11.189138816091935,11.039808726566344,11.061141160540739,2832100
2009-10-06,11.327802658081055,11.434467874580937,11.242470891775106,11.242470891775106,2842600
2009-10-07,11.381134033203125,11.40246646385083,11.285135552201494,11.359800585320636,1441800
2009-10-08,11.509133338928223,11.541132498160694,11.445134003228352,11.466467454206619,1214700
2009-10-09,11.530466079711914,11.541131787309185,11.434467590692396,11.541131787309185,1190350
2009-10-12,11.562470436096191,11.658468968281932,11.530471264446055,11.562470436096191,966600
2009-10-13,11.562470436096191,11.605136337374818,11.487805363167428,11.605136337374818,930950
2009-10-14,11.925127983093262,11.935793692693704,11.775796859101439,11.807796022372878,2862250
2009-10-15,11.871796607971191,11.88246333592246,11.733132196310214,11.733132196310214,933100
2009-10-16,11.72246265411377,11.775795263831228,11.658464336240757,11.733129379504245,699850
2009-10-19,11.871796607971191,11.935794941208464,11.775798090880118,11.775798090880118,1128350
2009-10-20,11.743795394897461,11.914458921887546,11.711795220660674,11.914458921887546,978000
2009-10-21,11.690460205078125,11.850456971966965,11.679793482689634,11.690460205078125,1462100
2009-10-22,11.743795394897461,11.786461276644982,11.562465143161779,11.679796063658747,1025000
2009-10-23,11.658466339111328,11.797130741304654,11.573134555797758,11.797130741304654,870350
2009-10-26,11.626462936401367,11.850459059851495,11.551797900996263,11.775794024446391,1458050
2009-10-27,11.551799774169922,11.647798273677232,11.487801452655036,11.562466500167396,2185650
2009-10-28,11.221137046813965,11.45579886600941,11.178470151795048,11.423799711979989,3801000
2009-10-29,11.541131019592285,11.594463622970425,11.338468347437113,11.391800950815252,2158950
2009-10-30,11.178473472595215,11.477135723042924,11.114475145524326,11.455802269195916,2678500
2009-11-02,11.338469505310059,11.477133881359567,11.231804287661234,11.349136230521921,2365850
2009-11-03,11.359804153442383,11.359804153442381,11.19980731300774,11.26380665952266,1128850
2009-11-04,11.391800880432129,11.562464396399909,11.381134156375444,11.466465914359334,1270800
2009-11-05,11.530466079711914,11.551798512141325,11.413134141028117,11.434467590692396,1018600
2009-11-06,11.605130195617676,11.615796919601037,11.434466680823043,11.445132387571617,1110200
2009-11-09,11.95712661743164,11.978459052923924,11.743797176333732,11.797129790916964,1574400
2009-11-10,11.871796607971191,11.914462502541095,11.797131546782651,11.839797441352555,1221750
2009-11-11,12.021123886108398,12.106455647837583,11.978456988008967,12.053123042448133,1174750
2009-11-12,11.935792922973633,12.074457311187714,11.903793761765767,11.98912553647674,2396850
2009-11-13,11.99979305267334,12.042458942837888,11.893127818644441,11.957127162508792,937250
2009-11-16,12.362451553344727,12.426449869235487,12.21312045420814,12.21312045420814,1392550
2009-11-17,12.24512004852295,12.29845265848908,12.15978827947111,12.24512004852295,2362700
2009-11-18,12.159788131713867,12.213120741031936,12.117122247706394,12.20245401572134,2397100
2009-11-19,12.031793594360352,12.095792945556523,11.978460971236073,12.085126217484632,1338450
2009-11-20,12.12779426574707,12.15979343840881,12.042462460492194,12.053129190457893,938350
2009-11-23,12.4264497756958,12.4797823833599,12.362451460286787,12.383783893011497,1329200
2009-11-24,12.27712345123291,12.330456075214686,12.21312409900774,12.319789346971291,760800
2009-11-25,12.405118942260742,12.447784830445606,12.341119601365937,12.351786327720907,824150
2009-11-27,12.095788955688477,12.13845483666727,11.903791982666487,11.95712458819869,1597850
2009-11-30,12.117122650146484,12.149122827141081,11.989124993872942,12.042457604962323,3165250
2009-12-01,12.351783752441406,12.405116355861683,12.266451993862882,12.287785442124914,2499600
2009-12-02,12.415782928466797,12.501114686003906,12.383782756464289,12.394449480465125,1895200
2009-12-03,12.33045482635498,12.50111839202327,12.33045482635498,12.50111839202327,1439300
2009-12-04,12.383788108825684,12.490453360465944,12.255790417198506,12.458454191867958,1536450
2009-12-07,12.28779125213623,12.383788763001276,12.277124522961687,12.330457151599122,1135750
2009-12-08,12.20245361328125,12.277119670758006,12.170454455639714,12.24511949588159,1312050
2009-12-09,12.33045482635498,12.373120717772053,12.255788753448787,12.31978809919194,1044700
2009-12-10,12.309123992919922,12.330457451788378,12.255791362984084,12.330457451788378,968000
2009-12-11,12.309123992919922,12.373123352289987,12.266458092418313,12.3411231639873,702750
2009-12-14,12.362451553344727,12.362451553344727,12.266453062273698,12.351784828284638,1025100
2009-12-15,12.25578784942627,12.298453737696184,12.202455234780127,12.277121302178735,2281300
2009-12-16,12.309123992919922,12.415789252791594,12.277124821852542,12.394455793923138,3241700
2009-12-17,12.24512004852295,12.277120224843582,12.181121730351533,12.277120224843582,2677300
2009-12-18,12.24512004852295,12.309119383929291,12.138455845825614,12.287786950283794,1649450
2009-12-21,12.223787307739258,12.277119916365338,12.191788149457569,12.191788149457569,1469000
2009-12-22,12.340539932250977,12.3623617421257,12.29689527193075,12.3623617421257,1297850
2009-12-23,12.340539932250977,12.438739637543401,12.318717081805472,12.416917827668678,637150
2009-12-24,12.384181022644043,12.416914248305671,12.340536374905044,12.384181022644043,607250
2009-12-28,12.482379913330078,12.515114177500168,12.4060020447407,12.4060020447407,1647450
2009-12-29,12.53693962097168,12.613318552315175,12.53693962097168,12.547851045530853,685850
2009-12-30,12.602404594421387,12.624226398582396,12.569671367894616,12.602404594421387,905550
2009-12-31,12.53693962097168,12.711518251635576,12.526028196412506,12.700607867647122,738400
2010-01-04,12.820630073547363,12.86427473004725,12.711517912012301,12.744252184815235,1414500
2010-01-05,12.918828964233398,12.940650769078848,12.84245108641851,12.875184313971955,1571400
2010-01-06,12.929743766784668,12.962477002894603,12.897009490103919,12.951565577334353,787200
2010-01-07,12.853362083435059,12.875184929895013,12.76607277873643,12.864273506665036,1079850
2010-01-08,12.87518310546875,12.907916329949757,12.766070969771464,12.80971561593629,1357650
2010-01-11,12.929743766784668,12.984298813444289,12.864276253993985,12.951565577334353,1200350
2010-01-12,12.722428321838379,12.864273704295435,12.667872245420957,12.809717627878012,2708700
2010-01-13,12.776985168457031,12.78789659251238,12.656962625560187,12.667873009044866,1311700
2010-01-14,12.820630073547363,12.86427473004725,12.776985417047475,12.809718649279718,1267900
2010-01-15,12.656960487365723,12.798804813840228,12.635137642941649,12.798804813840228,1669050
2010-01-19,12.897007942199707,12.9515640228823,12.733340740722625,12.733340740722625,2279650
2010-01-20,12.558765411376953,12.635143320037582,12.493297889260013,12.635143320037582,1351450
2010-01-21,12.242340087890625,12.482385217042955,12.176872572303989,12.460563405561315,1961450
2010-01-22,12.06775951385498,12.220515291636621,12.013203432974096,12.165959210755737,2184150
2010-01-25,12.209603309631348,12.285982235603996,12.165958655034398,12.187781502618195,1623150
2010-01-26,11.882267951965332,11.991379059279192,11.805889032218012,11.882267951965332,1992300
2010-01-27,11.805887222290039,11.805887222290039,11.587664000546956,11.75133219728207,3013400
2010-01-28,11.827715873718262,11.958649871069976,11.740426542150452,11.947738444481272,1996100
2010-01-29,11.762245178222656,11.98046844820839,11.71860052422551,11.915001987497986,2383500
2010-02-01,11.936823844909668,11.936823844909668,11.805889882362122,11.805889882362122,1482650
2010-02-02,11.915002822875977,11.915002822875977,11.762246002890647,11.827713508761702,1284500
2010-02-03,11.925912857055664,12.002290737859456,11.871356781951278,11.958646085890063,1545350
2010-02-04,11.533111572265625,11.751335903402401,11.489466914152414,11.718601629389447,1734400
2010-02-05,11.50037670135498,11.554932776371269,11.31488667064195,11.511288124472355,3020200
2010-02-08,11.50037670135498,11.642222080169097,11.478554895690815,11.53310993013652,2285150
2010-02-09,11.849535942077637,11.969559535744132,11.76224662335878,11.838625557665848,2883950
2010-02-10,11.805887222290039,11.838621485979303,11.685864710473943,11.82771006474955,1089150
2010-02-11,11.947737693786621,11.991382356828264,11.784070467523168,11.838626556467934,1423100
2010-02-12,11.89317798614502,11.904089408728161,11.729510809680022,11.838622954370374,1241650
2010-02-16,12.078666687011719,12.133222753391358,11.958644173432843,11.99137739703246,1434000
2010-02-17,12.12231159210205,12.165956238028135,12.056845143498144,12.12231159210205,1079600
2010-02-18,12.06775951385498,12.111404170445548,11.96955877638353,11.991380584393466,1814400
2010-02-19,11.936823844909668,11.958646692286244,11.849534536544637,11.904090614415441,3539400
2010-02-22,11.936823844909668,11.969558115974532,11.871357383921213,11.969558115974532,1662350
2010-02-23,11.871356964111328,12.024113768633473,11.860445540808906,11.958646269389526,1477750
2010-02-24,12.002290725708008,12.08958002955842,11.947734650658855,11.969557496906749,1679100
2010-02-25,11.980466842651367,11.980466842651365,11.784066446270035,11.784066446270035,1210100
2010-02-26,12.013203620910645,12.02411504537166,11.904091457441911,11.925914306363941,1279350
2010-03-01,12.100491523742676,12.111402946930701,12.035024025185118,12.056846871561167,1172350
2010-03-02,12.111403465270996,12.122313848355372,12.03502454025657,12.089580617960978,1682350
2010-03-03,12.111403465270996,12.187781349714788,12.089580617960978,12.17686992605978,886950
2010-03-04,12.078666687011719,12.111400951181752,12.024111661202495,12.078666687011717,692050
2010-03-05,12.242340087890625,12.307806562906402,12.176872572303989,12.231428661864376,939800
2010-03-08,12.318716049194336,12.384183554472283,12.318716049194336,12.329627473502443,1098000
2010-03-09,12.307806968688965,12.406007725021123,12.296896582873865,12.307806968688965,1743250
2010-03-10,12.427828788757324,12.50420668132259,12.416917363942073,12.427828788757322,1073600
2010-03-11,12.482379913330078,12.50420275611014,12.42782488752076,12.460558111120434,995400
2010-03-12,12.493293762207031,12.536938415677032,12.482382338696876,12.51511660922734,592900
2010-03-15,12.438739776611328,12.438739776611328,12.329628644876264,12.416917966492633,1095150
2010-03-16,12.602404594421387,12.624226398582396,12.526025678431576,12.536937100797337,822550
2010-03-17,12.722428321838379,12.787895821653409,12.68969509221617,12.72242832183838,736200
2010-03-18,12.689695358276367,12.733340012211265,12.635139280715089,12.733340012211265,1013000
2010-03-19,12.53693962097168,12.700607867647122,12.515117812424052,12.53693962097168,1741850
2010-03-22,12.53693962097168,12.5696738946492,12.406005647973757,12.406005647973757,1173750
2010-03-23,12.667876243591309,12.667876243591309,12.547853670048555,12.569676523731385,894050
2010-03-24,12.449644088745117,12.471466926965942,12.395088033763258,12.46055550785553,1276950
2010-03-25,12.395092964172363,12.547849770769764,12.373271157841657,12.547849770769764,1230000
2010-03-26,12.482379913330078,12.580580624699516,12.449646689730404,12.515114177500168,936900
2010-03-29,12.700606346130371,12.744250998567772,12.667872076374376,12.700606346130371,1201250
2010-03-30,12.755159378051758,12.787893642666837,12.68969292996246,12.755159378051758,827300
2010-03-31,12.54784870147705,12.54784870147705,12.44964797993073,12.49329262944348,2253450
2010-04-01,12.820630073547363,12.842452922082652,12.73334076054759,12.766073992779832,2016850
2010-04-05,12.940648078918457,12.96247091979782,12.831536996232629,12.842448416672308,1700100
2010-04-06,12.940648078918457,12.96247091979782,12.875181637421026,12.875181637421026,1284050
2010-04-07,12.897007942199707,12.9515640228823,12.820630053586495,12.9515640228823,841250
2010-04-08,12.87518310546875,12.929739173317392,12.798804194252472,12.80971561593629,1293050
2010-04-09,12.962474822998047,12.984296629877964,12.88609693806238,12.918830168667574,1372600
2010-04-12,12.951565742492676,12.984298979020023,12.907921080265934,12.951565742492674,1072150
2010-04-13,12.951565742492676,12.951565742492674,12.842454607211236,12.886099269437977,1085150
2010-04-14,13.453478813171387,13.486212047106996,13.366189495629262,13.398922729564873,2619200
2010-04-15,13.409832954406738,13.44256618541318,13.344365451823204,13.398921530547707,1368850
2010-04-16,13.16978645324707,13.311631837619261,13.060675339509661,13.267987184010174,2683500
2010-04-19,13.147964477539062,13.147964477539062,13.027940901230574,13.07158555427804,2731150
2010-04-20,13.267986297607422,13.278897720423382,13.20251984185276,13.20251984185276,1629300
2010-04-21,13.158875465393066,13.213430499468704,13.060674739143996,13.20252011699592,2283250
2010-04-22,13.22434139251709,13.257074619764731,13.060674215708353,13.14796351541575,1505400
2010-04-23,13.355273246765137,13.366184667659297,13.224339317746306,13.257072539858422,953350
2010-04-26,13.355273246765137,13.442562532777691,13.322540024653021,13.420740731559736,891550
2010-04-27,13.049763679504395,13.322543019761117,12.99520760333893,13.289809790290079,2210250
2010-04-28,13.082497596740723,13.104320444582408,12.97338647924427,13.03885294162801,1519000
2010-04-29,13.289809226989746,13.344364260272243,13.213430307367242,13.235253153136687,1571600
2010-04-30,13.104317665100098,13.278896248522075,13.104317665100096,13.278896248522075,1699250
2010-05-03,13.191608428955078,13.22434165685702,13.082496281854533,13.14796377822897,1161800
2010-05-04,12.656960487365723,12.809716236052266,12.569671190810414,12.809716236052266,4560950
2010-05-05,12.46056079864502,12.547850107451204,12.340538259179178,12.406004720498496,3516500
2010-05-06,12.04593563079834,12.515116429282843,11.587666255667102,12.384182470755434,2446200
2010-05-07,12.165959358215332,12.395094068235753,12.01320357858219,12.242338288602609,5031650
2010-05-10,12.820630073547363,12.91883081081478,12.744252184815235,12.820630073547363,3069300
2010-05-11,12.667876243591309,12.831544524499721,12.591498336843278,12.591498336843278,2409900
2010-05-12,12.897007942199707,12.929742214951677,12.809718629335839,12.842452902087807,1455100
2010-05-13,12.689695358276367,12.831540743707443,12.667872511023605,12.787896089772545,1911350
2010-05-14,12.46056079864502,12.678784070660479,12.38418291358227,12.667872646917045,2195400
2010-05-17,12.52602767944336,12.613318031743415,12.296894016581746,12.5369391035522,1486900
2010-05-18,12.427828788757324,12.700608165714124,12.340539471376806,12.635140657393364,1636350
2010-05-19,12.220511436462402,12.340534984650956,12.111400349692332,12.242334278158637,1974250
2010-05-20,11.805887222290039,11.969555419025154,11.696776131703698,11.893176510987272,3206550
2010-05-21,11.947737693786621,11.980470930925142,11.620402200688869,11.631313626591991,2455700
2010-05-24,11.882267951965332,12.045935133221404,11.882267951965332,11.925912603004988,1868050
2010-05-25,11.762245178222656,11.762245178222656,11.423999369887428,11.565844755520812,2501700
2010-05-26,11.69677734375,11.860444516874272,11.642221272518407,11.762243796771505,3076300
2010-05-27,12.165959358215332,12.1768707826379,11.98046930531448,12.045936811279189,1933300
2010-05-28,12.013203620910645,12.155049017191718,11.958647539176278,12.144137592730702,2229550
2010-06-01,11.729510307312012,11.958644968891624,11.696777081535064,11.762243533088961,1992100
2010-06-02,12.078666687011719,12.078666687011717,11.816798817073945,11.871354883453586,1957700
2010-06-03,12.176870346069336,12.220515001624147,12.078669610928346,12.176870346069336,3964750
2010-06-04,11.871356964111328,12.045935574667723,11.794979082135557,11.980468075423776,3178250
2010-06-07,11.751334190368652,11.915001374292158,11.707688498047101,11.84953387638041,1466750
2010-06-08,11.860445022583008,11.904089673315113,11.707688224735364,11.816800371850903,3197200
2010-06-09,11.838624000549316,12.002291191477578,11.78406792338302,11.947735114311284,1992150
2010-06-10,12.220511436462402,12.23142285731052,12.035021444325881,12.035021444325881,1561200
2010-06-11,12.285980224609375,12.285980224609375,12.100490212791062,12.100490212791062,910450
2010-06-14,12.32962703704834,12.449649578476777,12.296893805853433,12.43873815455492,1666350
2010-06-15,12.569676399230957,12.613321065593388,12.384186307047898,12.395096693210311,1495950
2010-06-16,12.635137557983398,12.667870783828919,12.504203614030832,12.504203614030832,1038800
2010-06-17,12.569676399230957,12.6242314517558,12.482386025935172,12.613321065593388,838500
2010-06-18,12.656960487365723,12.667870869007265,12.580581572451957,12.580581572451957,456600
2010-06-21,12.831543922424316,12.973389342994299,12.755164978689166,12.897010399259146,3503950
2010-06-22,12.591499328613281,12.82063410747612,12.547854658380883,12.787900864944577,6230700
2010-06-23,12.654324531555176,12.720462581392702,12.54409585013082,12.676370898577233,2698200
2010-06-24,12.477956771850586,12.566140130213387,12.40079659609027,12.51102631965805,1498600
2010-06-25,12.654324531555176,12.73148576490373,12.54409585013082,12.621256032250734,1468850
2010-06-28,12.775577545166016,12.830692411912908,12.698417362457556,12.808646044722693,2202550
2010-06-29,12.345681190490723,12.488979404325264,12.257497836012316,12.455910909202988,2231000
2010-06-30,12.389776229858398,12.544097667687014,12.367730910870762,12.433867919062461,1072450
2010-07-01,12.444889068603516,12.522049249282604,12.301590839321905,12.477957567290465,1793800
2010-07-02,12.599211692810059,12.698418249639857,12.511028320345508,12.654325512178861,1146350
2010-07-06,12.742510795593262,12.885807997094696,12.676372736168236,12.819670988898464,2216150
2010-07-07,12.885805130004883,12.896828312661196,12.621255053624724,12.632278236281037,3250450
2010-07-08,12.973989486694336,12.996034800687783,12.852736580430449,12.907851442256893,1781600
2010-07-09,13.062173843383789,13.117287658193677,12.951944111306746,12.985012610438405,1150900
2010-07-12,13.029105186462402,13.08422005628029,12.985013500853833,13.01808305348179,2933850
2010-07-13,13.172403335571289,13.260586706173022,13.084219964969554,13.084219964969554,2027050
2010-07-14,13.249564170837402,13.271609487203898,13.139334435318917,13.172402935482996,1486550
2010-07-15,13.20547103881836,13.216494222284691,13.040127491737925,13.18342572311433,1495950
2010-07-16,13.018085479736328,13.194452255041083,12.962970599646367,13.194452255041083,1081000
2010-07-19,13.15035629272461,13.172401606867538,13.01808125418136,13.106264613210193,1093850
2010-07-20,13.315699577331543,13.34876807353746,13.062172687705278,13.084218001433042,1837600
2010-07-21,12.962970733642578,13.106269002866169,12.885809480227467,13.106269002866169,2379900
2010-07-22,13.260584831237793,13.304676510304468,13.18342465567825,13.216493152171118,1567100
2010-07-23,13.326723098754883,13.38183796131887,13.205470190868402,13.282631418949409,1853350
2010-07-26,13.492064476013184,13.503087657007596,13.348766276771,13.381835819754242,1757300
2010-07-27,13.447977066040039,13.514115121742742,13.370816877077495,13.514115121742742,1851550
2010-07-28,13.403882026672363,13.447973702369504,13.370813532706626,13.436950520638103,1802050
2010-07-29,13.458998680114746,13.58025054165502,13.39286063212912,13.58025054165502,1439150
2010-07-30,13.569229125976562,13.624342942440567,13.425930890467086,13.514114258283891,1498700
2010-08-02,13.9329833984375,13.988097205476846,13.778662005533274,13.833776863801104,2081950
2010-08-03,13.789690017700195,13.833781709513246,13.712528768605711,13.80071320346067,2108850
2010-08-04,13.778660774230957,13.811729265745162,13.712522739974156,13.734569101802554,1973400
2010-08-05,13.701502799987793,13.712524931435096,13.624341572485307,13.712524931435096,1462900
2010-08-06,13.69048023223877,13.69048023223877,13.525136689588418,13.58025050298613,1734600
2010-08-09,13.701502799987793,13.734571296786823,13.6684332519602,13.734571296786823,935300
2010-08-10,13.558204650878906,13.613319513322317,13.458998108726485,13.547181468144514,2057500
2010-08-11,13.117290496826172,13.271611944884066,13.062176670089439,13.271611944884066,3400850
2010-08-12,13.117290496826172,13.183428560630658,13.029107112572765,13.08422199053836,1540050
2010-08-13,13.227518081665039,13.282632950584382,13.183426396775303,13.205471713605828,1154750
2010-08-16,13.271608352661133,13.293654718371629,13.205470306758214,13.216493489613462,1014250
2010-08-17,13.315699577331543,13.403882934699684,13.293654263603779,13.33774594228785,1653250
2010-08-18,13.315699577331543,13.381837620971918,13.271607898647474,13.34876807353746,1027100
2010-08-19,13.260584831237793,13.414906233585429,13.227516334744925,13.414906233585429,1374800
2010-08-20,13.304678916931152,13.304678916931154,13.205472358278946,13.282633599024408,1250950
2010-08-23,13.139335632324219,13.304679199436228,13.128312447522415,13.304679199436228,1289850
2010-08-24,13.15035629272461,13.161378424181795,13.01808125418136,13.062172933695777,3169550
2010-08-25,13.271608352661133,13.304676849998302,13.128310129228625,13.172401809421045,1892150
2010-08-26,13.238539695739746,13.337746237783948,13.183424833356462,13.249562878462116,1284800
2010-08-27,13.447977066040039,13.481045568277024,13.23854181690082,13.33774837484051,1637850
2010-08-30,13.381839752197266,13.42593143790349,13.359793383729802,13.392861885202292,1078050
2010-08-31,13.403882026672363,13.503088559798048,13.348767169243821,13.392858844940962,2763800
2010-09-01,13.844803810119629,13.855825943787337,13.65741387179454,13.679459190358731,2431100
2010-09-02,13.81173324584961,13.822756429940341,13.701504558628377,13.789687928896841,1723600
2010-09-03,13.877872467041016,13.921964155885732,13.822757593177927,13.855826097004268,1566250
2010-09-07,13.855826377868652,13.921964438090768,13.822757873371998,13.877872748352292,971050
2010-09-08,13.910940170288086,13.988100358518546,13.855825299596875,13.855825299596875,924600
2010-09-09,13.988099098205566,14.043213963930985,13.944007415870956,14.043213963930985,940200
2010-09-10,14.043209075927734,14.065255435035702,13.966048921506367,13.966048921506367,890950
2010-09-13,14.219582557678223,14.230605742514342,14.131399181446788,14.175490869562505,1764600
2010-09-14,14.175487518310547,14.252648742692804,14.032189303004658,14.142419022848731,3651950
2010-09-15,14.208556175231934,14.230601487083117,14.098326462290673,14.16446450030112,1457300
2010-09-16,14.230602264404297,14.252648628688172,14.164465274009686,14.197533769206991,1435950
2010-09-17,14.186513900756836,14.219582403678297,14.1313990284019,14.208560270190313,1399250
2010-09-20,14.329811096191406,14.406971281085413,14.230604543482723,14.230604543482723,2185850
2010-09-21,14.362876892089844,14.417991750019477,14.274693539893823,14.340831579655077,1493150
2010-09-22,14.373902320861816,14.462085686842734,14.373902320861818,14.417994003852275,2616450
2010-09-23,14.274694442749023,14.395947348108994,14.2416259463911,14.285717625277849,1132000
2010-09-24,14.528221130371094,14.572312805450872,14.462083092137199,14.473106273714256,1714800
2010-09-27,14.550265312194824,14.649471836226185,14.528220001981396,14.572311673636626,2290500
2010-09-28,14.561296463012695,14.605388158801427,14.440044562400915,14.539250089503852,1126350
2010-09-29,14.583337783813477,14.638452651233823,14.561292467582533,14.594360967543276,1153600
2010-09-30,14.572315216064453,14.638452214010554,14.473108667916675,14.616406898438063,2461500
2010-10-01,14.792774200439453,14.803797384266629,14.726636148705062,14.726636148705062,1563600
2010-10-04,14.836870193481445,14.869938703338148,14.759709986739482,14.858915516309589,1960850
2010-10-05,15.013227462768555,15.057319131700087,14.902998816053882,14.925044124905494,2801050
2010-10-06,15.057323455810547,15.079369822221667,14.991186459034408,15.013231774216917,1604250
2010-10-07,14.914019584655762,15.02424927254542,14.825836254835323,15.002202914476204,1283900
2010-10-08,14.925047874450684,14.980162737268408,14.836864514433758,14.90300256006074,1172100
2010-10-11,14.947096824645996,14.947096824645996,14.891981952298087,14.936073639930664,825800
2010-10-12,14.936073303222656,14.958118620927594,14.814820376544944,14.903004801050885,1265050
2010-10-13,15.189597129821777,15.26675835406875,15.046298914767132,15.15652863441794,1176500
2010-10-14,15.211644172668457,15.255735852249526,15.12346081350632,15.12346081350632,1421250
2010-10-15,15.277782440185547,15.421080673578413,15.244713940549854,15.421080673578413,1464000
2010-10-18,15.299827575683594,15.34391925539104,15.189597850800697,15.211644216268702,973500
2010-10-19,14.947096824645996,15.090394021030304,14.880958767582754,15.05732551811306,1791200
2010-10-20,15.112436294555664,15.244711321603054,14.991184449236009,15.035276124918472,1622750
2010-10-21,15.112436294555664,15.233688139875321,15.002206579735272,15.156527970238129,1771250
2010-10-22,15.16755485534668,15.20062335737557,15.123463168898587,15.178578039765886,868200
2010-10-25,15.299827575683594,15.388010935098485,15.266759078710152,15.266759078710152,2717800
2010-10-26,15.156529426574707,15.17857579214853,15.07936924952347,15.123460929442544,1276000
2010-10-27,14.880960464477539,14.936075343110268,14.704593693835907,14.914028971165626,2421900
2010-10-28,14.914019584655762,15.002202914476204,14.880951098780152,14.991180786669807,1053400
2010-10-29,15.035277366638184,15.05732268068584,14.969139322038107,15.002207818723868,730850
2010-11-01,15.200623512268066,15.288806886062835,15.134485456307624,15.222669881331127,1057100
2010-11-02,15.37699031829834,15.476196877001673,15.37699031829834,15.399036687445188,1262100
2010-11-03,15.509265899658203,15.520289084601334,15.32187596054009,15.454152077400103,2848500
2010-11-04,15.75177001953125,15.773816388447955,15.630518144175563,15.685631964009865,2072100
2010-11-05,15.77381420135498,15.795859515986297,15.707676155003861,15.76279101842503,1497800
2010-11-08,15.817907333374023,15.873021150624119,15.78483778154955,15.806884149432532,1381050
2010-11-09,15.850979804992676,16.049392960731705,15.773819600529249,15.994278078445424,1667900
2010-11-10,15.839953422546387,15.861999791504575,15.674609860274895,15.762793233650187,1603750
2010-11-11,15.806880950927734,15.839949444832154,15.751766093601388,15.79585776921677,1132950
2010-11-12,15.38801383972168,15.542335273441552,15.255738775631258,15.47619721578196,2112350
2010-11-15,15.33289623260498,15.46517127310717,15.321873049755988,15.46517127310717,1304850
2010-11-16,14.969143867492676,15.22267188901136,14.903006854038322,15.22267188901136,3596100
2010-11-17,15.04629898071289,15.101413840779855,14.980161989615347,15.002207302905022,1690700
2010-11-18,15.365964889526367,15.376988072489855,15.277781528275632,15.354942757791465,1487250
2010-11-19,15.244711875915527,15.255735058044074,15.079368348901358,15.211643380758396,1392550
2010-11-22,15.211644172668457,15.211644172668457,15.024254271641777,15.079369133925251,2384700
2010-11-23,14.605381965637207,14.638450460649384,14.550267106464572,14.62742832979766,2919150
2010-11-24,14.880960464477539,14.958120663826035,14.81482239987249,14.81482239987249,2519100
2010-11-26,14.68254280090332,14.748680845143417,14.649474304397549,14.7266344799872,883800
2010-11-29,14.693563461303711,14.737655132819174,14.550265266071367,14.638448609102293,3283850
2010-11-30,14.726635932922363,14.75970548391934,14.572315566517755,14.58333769895476,2071100
2010-12-01,15.145505905151367,15.1895975840846,15.035277233432554,15.090391043677688,1759050
2010-12-02,15.299827575683594,15.310850758417597,15.112437674119809,15.12346085685381,1975450
2010-12-03,15.134482383728027,15.167551930608887,15.068345392423351,15.079368574716971,1604000
2010-12-06,15.112436294555664,15.123459476283399,15.035276124918472,15.035276124918472,873050
2010-12-07,15.057323455810547,15.288805046984251,15.057323455810547,15.277781863778692,1273450
2010-12-08,15.145505905151367,15.178575452772701,15.057322547284897,15.112437408758577,1529750
2010-12-09,15.211644172668457,15.23368948684471,15.12346081350632,15.23368948684471,1463800
2010-12-10,15.16755485534668,15.167554855346681,15.068348298031287,15.090393615640972,1418700
2010-12-13,15.17857551574707,15.244712508807043,15.134482785402351,15.189597647104698,1062300
2010-12-14,15.156529426574707,15.18959792370687,15.10141456386872,15.17857579214853,1129550
2010-12-15,14.814818382263184,14.947094475601519,14.770726701559935,14.91402492665264,1568450
2010-12-16,14.8699369430542,14.880960128777847,14.748685053780617,14.814822065664806,1053600
2010-12-17,14.914019584655762,14.93606594272498,14.825836254835323,14.880951098780152,1034550
2010-12-20,14.82584285736084,14.8368660413045,14.74868267221257,14.825842857360838,868850
2010-12-21,14.967964172363281,14.97924290543734,14.911566204185903,14.922844937259962,794750
2010-12-22,15.001802444458008,15.024360986189807,14.922844859142293,14.979242827024441,1707000
2010-12-23,14.934122085571289,14.967961505870397,14.900283740973759,14.900283740973759,694950
2010-12-27,15.14844036102295,15.204837266718958,15.03564439822689,15.03564439822689,1447000
2010-12-28,15.261226654052734,15.441699232335175,15.261226654052734,15.441699232335175,919650
2010-12-29,15.43042278289795,15.509379278637418,15.385304631660887,15.385304631660887,733500
2010-12-30,15.543222427368164,15.565782047810401,15.486824451964486,15.509384072406721,1090800
2010-12-31,15.622182846069336,15.622182846069336,15.475548513804396,15.475548513804396,1246800
2011-01-03,15.72369384765625,15.780091818610693,15.689855495364313,15.689855495364313,1365750
2011-01-04,15.71241569519043,15.746254048733963,15.610899558857964,15.746254048733963,1722900
2011-01-05,15.746253967285156,15.746253967285156,15.62217928779941,15.62217928779941,1312350
2011-01-06,15.678573608398438,15.791369535360255,15.633455452754047,15.791369535360255,1584850
2011-01-07,15.678573608398438,15.757531187552383,15.610896912782692,15.746251379715865,1469500
2011-01-10,15.486824035644531,15.520663465398206,15.419147327540943,15.464265491510629,2055400
2011-01-11,15.622182846069336,15.656021207145212,15.554505048215477,15.633461582626559,1394950
2011-01-12,15.825207710266113,15.836487517979393,15.73497139996323,15.768809747401395,1013750
2011-01-13,15.75753116607666,15.80264932165956,15.71241301049376,15.791369513838415,1168550
2011-01-14,15.701131820678711,15.723690358633746,15.599615710627086,15.633454055410432,996900
2011-01-18,15.780092239379883,15.813931668275956,15.746253886185661,15.780092239379881,903500
2011-01-19,15.64473819732666,15.802652309575555,15.610899843166855,15.791372499621659,1319700
2011-01-20,15.464262008666992,15.509380162475217,15.37402570105054,15.486820547720285,1220750
2011-01-21,15.4981050491333,15.565782838194574,15.47554650324752,15.565782838194574,997500
2011-01-24,15.531943321228027,15.565781675379846,15.464265537222506,15.475545347173739,920750
2011-01-25,15.475547790527344,15.509386150021726,15.362751824610003,15.396590184104383,712800
2011-01-26,15.71241569519043,15.780092402277498,15.689856075693498,15.701135885441964,1136400
2011-01-27,15.734972953796387,15.802650731057584,15.723693144969223,15.746252762623548,1299600
2011-01-28,15.486824035644531,15.746254285246634,15.39658770770516,15.746254285246634,1748050
2011-01-31,15.4981050491333,15.53194448151492,15.407868714186245,15.452986881659774,2311950
2011-02-01,15.633458137512207,15.678576300904808,15.52066326688163,15.543221810727,2360100
2011-02-02,15.678573608398438,15.723691764042828,15.62217672061921,15.656015068427083,886050
2011-02-03,15.55450439453125,15.667300360980018,15.520666034877445,15.667300360980018,2254700
2011-02-04,15.656018257141113,15.678576801707043,15.509383952505921,15.62217990244127,1060600
2011-02-07,15.64473819732666,15.678576551486465,15.543222059145362,15.565781679053154,1008650
2011-02-08,15.588339805603027,15.610899424906384,15.498103479793315,15.599619615254705,1689200
2011-02-09,15.295073509216309,15.40786838765877,15.261234077551824,15.40786838765877,3502000
2011-02-10,15.125882148742676,15.125882148742676,15.001807438658076,15.046925612843578,3600650
2011-02-11,15.05820369720459,15.080762243857412,14.900289567826826,14.945407736834472,2642850
2011-02-14,15.04692268371582,15.069481228566122,15.001804518313302,15.05820249399193,2928450
2011-02-15,14.945404052734375,14.990522210620222,14.889006086451635,14.990522210620222,1839300
2011-02-16,15.04692268371582,15.092040849118339,14.990524708037194,14.990524708037194,2273150
2011-02-17,15.05820369720459,15.12588041286506,14.979246094664708,15.001805717019531,1999250
2011-02-18,15.080764770507812,15.11460313400737,15.035646593941008,15.103324396642304,1744350
2011-02-22,14.550622940063477,14.776214860630414,14.505504771090491,14.742375427124175,3030600
2011-02-23,14.5731782913208,14.60701663920776,14.415264208345512,14.53933994343384,2554500
2011-02-24,14.53934097290039,14.550619705860186,14.392706687405457,14.528061164238837,1765950
2011-02-25,14.8551664352417,14.92284312828926,14.74237051256024,14.74237051256024,1257900
2011-02-28,14.71981430053711,14.75365265241048,14.652136521088558,14.742372843218753,1221650
2011-03-01,14.764932632446289,14.945405278794919,14.7423730138018,14.911566926530007,2060150
2011-03-02,14.787491798400879,14.810051417995828,14.708535281222291,14.753653444710322,6256150
2011-03-03,14.956685066223145,14.97924360913279,14.866448743180921,14.866448743180921,2167200
2011-03-04,14.934122085571289,15.001799850467927,14.821327245012329,14.979240236935187,1099050
2011-03-07,14.866445541381836,15.046918148597744,14.82132738957786,15.001799996793768,1365800
2011-03-08,15.204835891723633,15.249955133323478,15.08076120442984,15.0920410148298,1392150
2011-03-09,15.14844036102295,15.182278719580959,15.103322191044931,15.170998908160948,1345500
2011-03-10,14.889005661010742,15.02436013080064,14.843887504414111,15.01308139842776,3494500
2011-03-11,14.934122085571289,15.024358388299087,14.75364948011569,14.76492928688206,1518350
2011-03-14,14.8551664352417,14.877724974357006,14.74237051256024,14.787488666492496,972500
2011-03-15,14.392706871032715,14.42654522174734,13.986642359650103,14.076878678690289,2894300
2011-03-16,14.200957298278809,14.437827952624994,14.110720960975689,14.336311804233487,2705300
2011-03-17,14.291192054748535,14.313750598727985,14.20095572742699,14.2347940812471,2140850
2011-03-18,14.302473068237305,14.35886997078304,14.246075089989608,14.35886997078304,1470700
2011-03-21,14.674695014953613,14.731092980888674,14.61829704901855,14.61829704901855,1831000
2011-03-22,14.764932632446289,14.810050794033447,14.73109428018138,14.76493263244629,1069600
2011-03-23,14.934122085571289,14.990520043701558,14.821327245012329,14.855165589609859,1217500
2011-03-24,15.11459732055664,15.182275097227377,15.035640810858922,15.035640810858922,1341850
2011-03-25,15.170994758605957,15.238672532912842,15.13715640930338,15.204833107908536,958700
2011-03-28,15.092039108276367,15.170995619697791,15.069479490326366,15.103318917251368,758100
2011-03-29,15.170994758605957,15.182274566940727,15.069478634996493,15.1033180600008,1188700
2011-03-30,15.385308265686035,15.430426427580056,15.272512323100074,15.283792132499036,2905600
2011-03-31,15.419142723083496,15.44170126048098,15.306346808991407,15.34018622863997,1506600
2011-04-01,15.4981050491333,15.543223216606828,15.452986881659774,15.4981050491333,2581500
2011-04-04,15.6108980178833,15.610898017883299,15.50938189157164,15.50938189157164,1251450
2011-04-05,15.565780639648438,15.622178609950062,15.475544317446564,15.520662478547502,1358600
2011-04-06,15.72369384765625,15.746253466318755,15.66729695240363,15.701135304695566,972200
2011-04-07,15.701131820678711,15.746249972290366,15.622175324283708,15.71241162750702,740150
2011-04-08,15.780092239379883,15.881608374664397,15.734974076553636,15.825210402206128,756900
2011-04-11,15.64473819732666,15.734974525554062,15.622179653120751,15.734974525554062,787000
2011-04-12,15.565780639648438,15.599618991548686,15.464264508245877,15.531942287748189,2162200
2011-04-13,15.734972953796387,15.813930539884746,15.644736634582639,15.734972953796385,1335450
2011-04-14,15.870332717895508,15.9267307051117,15.70113983194907,15.76881655604679,1851250
2011-04-15,15.904169082641602,15.949287248556391,15.80265294040784,15.836491295918451,1266000
2011-04-18,15.633458137512207,15.656017757059441,15.475545103489027,15.644737947285822,2411250
2011-04-19,15.81393051147461,15.813930511474608,15.66729622409026,15.678574957195382,2211350
2011-04-20,16.02823829650879,16.062076640463967,15.960560532896878,15.960560532896878,1642500
2011-04-21,16.219995498657227,16.231275308543044,16.073361197247237,16.141038980860262,1562200
2011-04-25,16.152318954467773,16.186158386721843,16.084642241363557,16.174878575970485,1122500
2011-04-26,16.253833770751953,16.26511358058096,16.11847927990948,16.129759089738485,1350000
2011-04-27,16.26511001586914,16.33278670860721,16.14103536204826,16.25383020851225,1157700
2011-04-28,16.2425537109375,16.287671873857256,16.1861568140642,16.2425537109375,2138600
2011-04-29,16.2989501953125,16.31023000393798,16.197434069086672,16.23127349496312,986300
2011-05-02,16.26511001586914,16.36662613067788,16.231271669500106,16.344066515964098,960850
2011-05-03,15.99441146850586,16.08464783449075,15.892895287847272,16.08464783449075,1369750
2011-05-04,15.633458137512207,15.836490410629853,15.588339974119602,15.836490410629853,1873750
2011-05-05,15.464262008666992,15.610896277469136,15.396584240103833,15.554498316283443,4666800
2011-05-06,15.6108980178833,15.813930270506619,15.59961820924828,15.72369287712822,1806400
2011-05-09,15.881608009338379,15.949285789871876,15.791371685761602,15.81393130450671,1237050
2011-05-10,16.084636688232422,16.11847503310203,15.960560964207875,15.960560964207875,1059750
2011-05-11,15.92672348022461,16.107196096886383,15.881605326059166,16.09591736512126,1782650
2011-05-12,15.904169082641602,15.938007438152212,15.678577177365721,15.746254964088871,1500000
2011-05-13,15.825207710266113,15.983121791146996,15.73497139996323,15.971841983433718,1585800
2011-05-16,15.64473819732666,15.81393211952945,15.622179653120751,15.734974525554062,1473600
2011-05-17,15.68985366821289,15.723692016564206,15.565779007123608,15.622176971510264,1341400
2011-05-18,15.904169082641602,15.938007438152212,15.768813509195303,15.84777110632263,962900
2011-05-19,16.039525985717773,16.08464415839861,15.949289640356099,16.01696636152631,946200
2011-05-20,15.836492538452148,15.983126858105651,15.825212727162953,15.960567235527261,1196100
2011-05-23,15.486824035644531,15.509383655480315,15.39658770770516,15.464265491510629,1105900
2011-05-24,15.4981050491333,15.59962119487423,15.47554650324752,15.53194448151492,1096500
2011-05-25,15.565780639648438,15.599618991548686,15.48682305094544,15.498102860146128,2170100
2011-05-26,15.633458137512207,15.689856110678427,15.52066326688163,15.59961978389322,1060450
2011-05-27,15.81393051147461,15.870327404105549,15.780091085053915,15.780091085053915,753900
2011-05-31,16.016965866088867,16.016965866088867,15.870331540486323,15.994407318297274,1576550
2011-06-01,15.701131820678711,16.016958881960306,15.6898520138504,15.98312053717696,1352200
2011-06-02,15.881608009338379,15.938005980499321,15.780091876389047,15.847769656922544,1366700
2011-06-03,15.847764015197754,15.949280112007864,15.746247918387647,15.746247918387647,1858300
2011-06-06,15.633458137512207,15.73497427407103,15.565781430274233,15.73497427407103,1037250
2011-06-07,15.71241569519043,15.825210565569497,15.701135885441964,15.746254048733963,945050
2011-06-08,15.588339805603027,15.667297397462917,15.565781262001527,15.633457968507884,1018600
2011-06-09,15.68985366821289,15.757531440617218,15.577058815141278,15.610897163492591,838300
2011-06-10,15.374030113220215,15.53194423471936,15.295073590321616,15.53194423471936,1339050
2011-06-13,15.306351661682129,15.374029446734104,15.227395142206406,15.317631471807774,1017000
2011-06-14,15.419142723083496,15.498099217527024,15.374024572586974,15.396583109984455,850100
2011-06-15,15.13715934753418,15.283793657243757,15.058202825268229,15.238675490848653,1182000
2011-06-16,15.001802444458008,15.080758954071957,14.88900650869371,15.01308225317479,993900
2011-06-17,15.013082504272461,15.092039015206979,14.97924307755614,15.069479397396098,1122100
2011-06-20,15.080764770507812,15.103324396642304,14.967969866941894,14.990528417374206,969900
2011-06-21,15.362744331359863,15.385303943820595,15.227389883700045,15.227389883700045,1702450
2011-06-22,15.178590774536133,15.292972864953187,15.167152238242767,15.247219810618594,1545700
2011-06-23,15.224345207214355,15.224345207214355,14.972702840172088,15.087084940944784,1486650
2011-06-24,15.132841110229492,15.270101404715204,15.098526582027654,15.258662865034864,972150
2011-06-27,15.167156219482422,15.235785273579383,15.075650086793711,15.098526074546315,819450
2011-06-28,15.3158540725708,15.315854072570799,15.155717793746103,15.224347939196447,1233750
2011-06-29,15.510305404663086,15.510305404663084,15.33873058063862,15.407360728416243,910850
2011-06-30,15.704751968383789,15.784820639829386,15.647561462715615,15.693314521753539,1471100
2011-07-01,15.91064453125,15.933521610864007,15.727632257694733,15.75050933730874,1421100
2011-07-05,15.807697296142578,15.83057437205386,15.70475263621984,15.796259849025954,690550
2011-07-06,15.704751968383789,15.716190505853014,15.578931328739243,15.60180840367769,629750
2011-07-07,15.933520317077637,15.97927338175135,15.853451635769309,15.853451635769309,721850
2011-07-08,15.91064453125,15.91064453125,15.796262405697556,15.864891462861184,790000
2011-07-11,15.63612174987793,15.76194238006453,15.590368694279265,15.727627861075256,1097950
2011-07-12,15.533182144165039,15.659002815193213,15.498867614037216,15.533182144165037,1179750
2011-07-13,15.693316459655762,15.807698575955655,15.601810330280202,15.613247778322817,1071050
2011-07-14,15.670438766479492,15.807697955152358,15.624685703588538,15.807697955152358,984100
2011-07-15,15.727627754211426,15.773380809499212,15.658997625860303,15.739066290743093,626650
2011-07-18,15.613245010375977,15.658998066952565,15.498862914353966,15.636122084083729,873850
2011-07-19,15.807697296142578,15.83057437205386,15.681876651147576,15.727629712131122,2486000
2011-07-20,15.91064453125,15.979274679252823,15.899205991442997,15.956397599638818,682800
2011-07-21,16.253786087036133,16.26522462191512,16.07077389232723,16.116526941004455,1141250
2011-07-22,16.32242202758789,16.345298014666877,16.2309148067546,16.28810641071074,894100
2011-07-25,16.242351531982422,16.310981667233904,16.173722487569933,16.19659847209443,1260450
2011-07-26,16.379613876342773,16.448244024854247,16.3109848186705,16.333860807614858,1812750
2011-07-27,16.288103103637695,16.48255386310457,16.26522712120336,16.44823934403362,1370600
2011-07-28,16.413928985595703,16.53974964797504,16.368175918290568,16.42536643429261,930550
2011-07-29,16.448246002197266,16.51687506811985,16.322425320779633,16.322425320779633,2304400
2011-08-01,16.505434036254883,16.711322280187247,16.35673630456873,16.63125469037128,1549650
2011-08-02,16.173723220825195,16.482556116360694,16.173723220825195,16.402488530636496,1594900
2011-08-03,16.139404296875,16.196595885310575,15.89920049811663,16.162281368584758,1575550
2011-08-04,15.430237770080566,15.807700881517727,15.395923239269715,15.773386350706877,1947150
2011-08-05,15.258662223815918,15.567495146332643,14.972705288859366,15.533180619572816,2443300
2011-08-08,14.069079399108887,14.846881408805041,14.04620232399245,14.709622230623367,3139950
2011-08-09,14.858322143554688,14.869760682804394,14.10339600650042,14.400791481957903,3235050
2011-08-10,14.091957092285156,14.435105624771657,14.069081105233584,14.366476572777826,4377600
2011-08-11,14.49229907989502,14.663872822635417,14.126274513601235,14.149150503574969,2358100
2011-08-12,14.732501983642578,14.801131039788515,14.629557308584491,14.755377972078165,1939150
2011-08-15,15.07564640045166,15.08708384611167,14.88119564332604,14.926948698482722,1058650
2011-08-16,14.789691925048828,14.858320973464247,14.629555660681087,14.801129372558693,1304250
2011-08-17,14.766813278198242,14.869757930714341,14.663868625682143,14.789690352463571,931300
2011-08-18,14.160588264465332,14.412230685359452,14.023329059661046,14.40079214558263,1673100
2011-08-19,14.080517768859863,14.355036121951587,14.023326172589345,14.057640694016069,1290700
2011-08-22,14.080517768859863,14.29784452568107,14.023326172589345,14.274967450837275,1001800
2011-08-23,14.50373649597168,14.515173944652291,14.149149406732732,14.240655541212622,1065150
2011-08-24,14.274968147277832,14.320722299197653,14.069079917833744,14.172024577975298,1310750
2011-08-25,14.10339641571045,14.343600292728063,14.03476735989923,14.320724304404047,1468950
2011-08-26,14.309286117553711,14.343600646305191,13.954699017657747,14.12627384309355,1102550
2011-08-29,14.618120193481445,14.640997274985581,14.457984986309645,14.469422436222427,1294600
2011-08-30,14.606680870056152,14.663871384802428,14.423667514014971,14.526612185900902,1282950
2011-08-31,14.892638206481934,14.98414434153664,14.778254992243967,14.892638206481935,2048200
2011-09-01,14.709619522094727,14.904070261423682,14.675305006577492,14.84687867500244,1732800
2011-09-02,14.50373649597168,14.59524263045157,14.43510634969218,14.515173944652291,1447150
2011-09-06,14.435105323791504,14.45798240120519,14.149148401154969,14.194901465143252,1710000
2011-09-07,14.812565803527832,14.85831885957519,14.618115042616841,14.686745172107326,1375300
2011-09-08,14.56092357635498,14.732498356152407,14.492294537107137,14.595239186817812,1197350
2011-09-09,14.091957092285156,14.274969352054194,14.034766579236669,14.263531903947964,1798000
2011-09-12,13.943258285522461,13.977573899717765,13.691616993124416,13.84031471545364,2560150
2011-09-13,13.897505760192871,13.931821375711888,13.760246570634019,13.84031524933932,2736850
2011-09-14,13.874628067016602,14.000448702589336,13.634424242131242,13.82887500945934,2267450
2011-09-15,14.069079399108887,14.091955383386342,13.920381683368994,14.000449264598558,991350
2011-09-16,14.11483383178711,14.194901420806746,14.023327704096358,14.160586895632486,1039600
2011-09-19,13.657301902770996,13.725932042954962,13.485728188569688,13.577234314922261,1592650
2011-09-20,13.64586353302002,13.863190295712286,13.634424995289113,13.748808190920197,969600
2011-09-21,13.0853853225708,13.600108538873252,13.085385322570803,13.57723146666477,1536050
2011-09-22,12.66217041015625,12.913812772233378,12.52491123743389,12.79942958287861,2783350
2011-09-23,12.993881225585938,13.062511361989722,12.799430445087395,12.84518350574358,1782700
2011-09-26,13.00532341003418,13.016761951115242,12.65073736323579,12.822311116094454,1236550
2011-09-27,13.359907150268555,13.554357935840814,13.325591535751775,13.371344597601775,1796850
2011-09-28,12.902379989624023,13.21121408411932,12.856626911643916,13.154022463934329,1256000
2011-09-29,13.00532341003418,13.176898253732162,12.799434033932329,13.108268098085107,1363150
2011-09-30,12.582103729248047,12.799430495511347,12.570665191329185,12.707924373838482,1127950
2011-10-03,12.204638481140137,12.582101436982507,12.204638481140138,12.433403743644783,2107800
2011-10-04,12.250393867492676,12.284708390696009,11.758547641275783,11.918683900956383,4403350
2011-10-05,12.444844245910645,12.502035843283451,12.101695752512791,12.227516394061775,2592650
2011-10-06,12.685049057006836,12.696487595528206,12.37621506196426,12.479159726978452,1127200
2011-10-07,12.604982376098633,12.799432090759307,12.547790770215304,12.787994642253963,1201100
2011-10-10,13.268399238586426,13.268399238586426,13.01675688690195,13.073948479217362,1012900
2011-10-11,13.21120834350586,13.245522864370534,13.085386615603808,13.131139673703023,1068700
2011-10-12,13.497167587280273,13.634426785556991,13.405661455095794,13.405661455095794,1034950
2011-10-13,13.382782936096191,13.428535997263532,13.199770691426824,13.34846841293044,767000
2011-10-14,13.622986793518066,13.657301316718032,13.474289071866181,13.577233732305103,766250
2011-10-17,13.359907150268555,13.600110997690816,13.337030073924034,13.565795383174034,1196600
2011-10-18,13.54291820526123,13.56579418875256,13.131139594027879,13.25696132116649,861650
2011-10-19,13.337030410766602,13.497166676705554,13.2798388092999,13.428536536777697,1173400
2011-10-20,13.222649574279785,13.245525562569904,13.005321685908205,13.188333955585847,777200
2011-10-21,13.40566349029541,13.451416563333716,13.279841721310587,13.3484718762877,891450
2011-10-24,13.794562339782715,13.81743832621109,13.600111546365646,13.611548994160291,622250
2011-10-25,13.565794944763184,13.72593120148252,13.542918959996996,13.703054125877328,1009850
2011-10-26,13.70305347442627,13.760245069881327,13.451412199766345,13.725930548943875,730200
2011-10-27,14.549488067626953,14.652432731044636,14.366475817479541,14.480857928402145,1448750
2011-10-28,14.629554748535156,14.629554748535156,14.457981047355089,14.50373410705904,724500
2011-10-31,14.01188850402832,14.229215274325707,14.000449965897133,14.217777827033554,727600
2011-11-01,13.497167587280273,13.554359192605357,13.291278244445627,13.34846984977071,1278000
2011-11-02,13.86319351196289,13.886070592732173,13.70305721909567,13.806001900878938,935750
2011-11-03,14.000447273254395,14.069077398003165,13.725928955936975,13.863188114595685,1298750
2011-11-04,13.966135025024414,13.977573562813811,13.74880826122091,13.908943426916439,665200
2011-11-07,14.01188850402832,14.023327042159508,13.828876257285462,13.920382380656891,643650
2011-11-08,14.080517768859863,14.137708274291413,13.874628458621586,13.966134576318828,682000
2011-11-09,13.417096138000488,13.588670918611296,13.291275504890363,13.577232381736126,1198650
2011-11-10,13.382782936096191,13.485727596432465,13.337029874928849,13.474289058430873,1087900
2011-11-11,13.600110054016113,13.600110054016115,13.428535265854443,13.47428832452976,543250
2011-11-14,13.577235221862793,13.63442682736324,13.497167628665654,13.565796682594875,794850
2011-11-15,13.611551284790039,13.645866906466056,13.439977539767018,13.508607692279787,313950
2011-11-16,13.291278839111328,13.542921259296959,13.291278839111328,13.382784975389885,671300
2011-11-17,13.108264923095703,13.359907311731483,13.016758798289793,13.291277172707524,1072600
2011-11-18,13.039636611938477,13.15401982939937,12.982446094047235,13.13114274957151,786050
2011-11-21,12.753679275512695,12.799432342953024,12.593544084891132,12.776556354652447,1491500
2011-11-22,12.833745956420898,12.86806047892979,12.719362760272588,12.810868880855635,1317200
2011-11-23,12.536347389221191,12.662168000900145,12.456279826410832,12.639292021885213,841450
2011-11-25,12.410530090332031,12.559226720718073,12.410530090332031,12.490597674515133,494400
2011-11-28,12.822308540344238,12.902376130149031,12.75367839848363,12.856623065854992,1554200
2011-11-29,12.810866355895996,12.93668806502809,12.799427820367846,12.845180871641665,638950
2011-11-30,13.462851524353027,13.497166047297247,13.359906864681358,13.382782849697831,1432050
2011-12-01,13.371342658996582,13.428534250727084,13.291275085077205,13.348466676807709,1126900
2011-12-02,13.337030410766602,13.46285215216116,13.302715886222208,13.439975075238852,906150
2011-12-05,13.474287033081055,13.622984732233592,13.439972515073196,13.508602641927773,948200
2011-12-06,13.337030410766602,13.38278347377215,13.256962823216659,13.291277347761053,869650
2011-12-07,13.394220352172852,13.405658889216328,13.21120812283293,13.268399717211388,881350
2011-12-08,12.845182418823242,13.062510256679762,12.79942936203854,13.01675719989506,1898150
2011-12-09,13.016757011413574,13.062510067535774,12.833744786924768,12.856620769566417,902800
2011-12-12,12.753679275512695,12.822309422092776,12.662173140632039,12.8108708825229,1029000
2011-12-13,12.696487426757812,12.902375663210314,12.650734364119582,12.822308076303178,818250
2011-12-14,12.524913787841797,12.662172988513806,12.513475248409339,12.604982473029839,1038100
2011-12-15,12.490599632263184,12.639297376794792,12.444846564010318,12.616420297248762,925200
2011-12-16,12.627859115600586,12.696489264913506,12.582106046338378,12.673612184862794,2146800
2011-12-19,12.376213073730469,12.559225297315267,12.307584035305617,12.559225297315267,844900
2011-12-20,12.748335838317871,12.783553042813999,12.619209446996212,12.630948515161586,1046500
2011-12-21,12.842246055603027,12.853985123687012,12.713119665176643,12.795290902766238,1684200
2011-12-22,12.936156272888184,12.983111421340631,12.80702877501967,12.830506908995417,971050
2011-12-23,12.983113288879395,12.983113288879395,12.853985772436703,12.92441906499628,891050
2011-12-27,12.842246055603027,12.900940276523803,12.842246055603027,12.842246055603027,496400
2011-12-28,12.71312141418457,12.830509872175838,12.666166254887925,12.807031732777864,701450
2011-12-29,12.83050537109375,12.853982382756428,12.748333031527098,12.783550228269482,996500
2011-12-30,12.71312141418457,12.74833750378223,12.677905324586911,12.736599553582545,813900
2012-01-03,13.147454261779785,13.21788754624695,13.041804894828578,13.065283029483993,1358600
2012-01-04,13.159194946289062,13.15919494628906,13.030068548312704,13.088761653166094,982000
2012-01-05,13.123977661132812,13.123977661132812,12.971373139549977,13.041805306742601,737700
2012-01-06,13.018327713012695,13.088759877079115,12.983111630979487,13.088759877079115,563450
2012-01-09,12.90093994140625,12.947895093023323,12.865723857568227,12.924418076964347,1006650
2012-01-10,13.253104209899902,13.288320293928225,13.182670922344132,13.182670922344132,1101800
2012-01-11,13.276579856872559,13.288317803015621,13.194407516877616,13.206146582519597,458650
2012-01-12,13.38222885131836,13.41744605025004,13.264841546709695,13.358751838196218,2922500
2012-01-13,13.487879753112793,13.499618820767159,13.35875336741209,13.417447586184812,861450
2012-01-17,13.640480995178223,13.699175199841838,13.60526492017959,13.652220060010714,949100
2012-01-18,13.8283052444458,13.851783380375684,13.640484635003277,13.663962770933162,1322750
2012-01-19,13.910475730895996,13.910475730895996,13.804826372410869,13.828303385685905,943300
2012-01-20,14.01612377166748,14.039601904109478,13.922213480897437,13.945691613339433,599000
2012-01-23,14.110034942626953,14.180467099760454,14.0513407320164,14.074817744561248,841800
2012-01-24,14.098296165466309,14.121773178492182,13.957430728814147,14.004385874364868,735950
2012-01-25,14.391768455505371,14.42698454054518,14.168730638088544,14.192208774447856,1133300
2012-01-26,14.356550216674805,14.520893800852676,14.309595066838138,14.50915473351874,1654000
2012-01-27,14.579587936401367,14.603064951438727,14.438722487679986,14.450461554948202,1037600
2012-01-30,14.438721656799316,14.438721656799316,14.309594163277762,14.344811363055825,1163950
2012-01-31,14.532634735107422,14.614805978002867,14.46220144155474,14.579589890976136,875500
2012-02-01,14.696975708007812,14.75566880270671,14.614803360331114,14.626542427070502,917150
2012-02-02,14.720452308654785,14.790885587614412,14.696975295334237,14.743930441474324,645000
2012-02-03,14.943488121032715,15.002182330236476,14.884795031327881,14.884795031327881,807850
2012-02-06,14.89653491973877,14.908273987009814,14.767408538254493,14.779147605525537,717800
2012-02-07,14.93175220489502,15.002184369916268,14.861318920374693,14.896535002885317,665600
2012-02-08,15.119572639465332,15.13131170667393,15.037401408003262,15.072617490129996,1047950
2012-02-09,15.060879707336426,15.107834860676167,15.013924553996683,15.07261877554615,660900
2012-02-10,14.732194900512695,14.779150057889261,14.696978812355086,14.72045583129374,798400
2012-02-13,14.966968536376953,15.002184619473386,14.908274318216831,14.943490401313266,594550
2012-02-14,14.920011520385742,14.931750586449917,14.814362164806072,14.896533388257389,1036600
2012-02-15,14.93175220489502,15.04913951976346,14.920013137558453,15.025662504589404,892950
2012-02-16,14.955228805541992,14.99044600657555,14.802624292893722,14.826102426916092,653850
2012-02-17,15.03740119934082,15.060878213933181,14.990446050657047,15.03740119934082,534650
2012-02-21,15.107831954956055,15.213481309525507,15.084354942551146,15.14304803331289,909450
2012-02-22,15.096095085144043,15.13131228812313,15.01392385052439,15.037401985843783,2124450
2012-02-23,15.084354400634766,15.084354400634766,14.943487853270263,15.002182061422321,771650
2012-02-24,15.02566146850586,15.084355681642402,15.002183335451642,15.02566146850586,757800
2012-02-27,14.955228805541992,15.002183954087688,14.837841493927279,14.884796642472974,832500
2012-02-28,15.049139022827148,15.072617156725013,14.978706860131632,15.049139022827147,2088900
2012-02-29,15.131311416625977,15.307392943383453,15.107833282658822,15.260437794948189,902500
2012-03-01,15.26043701171875,15.283915144480908,15.166526719668092,15.17826578604917,931550
2012-03-02,15.236959457397461,15.236959457397461,15.154788228608416,15.201743376416303,798950
2012-03-05,14.990445137023926,15.07261636233762,14.966967004363452,15.060877296007382,637850
2012-03-06,14.509153366088867,14.603063656911528,14.42698214149378,14.591325710182925,1162400
2012-03-07,14.60306453704834,14.638281737853632,14.509154240565639,14.591326589612281,824650
2012-03-08,14.978706359863281,15.002183373478006,14.884796066406379,14.920012146577966,744500
2012-03-09,14.93175220489502,14.99044642207878,14.884797055047828,14.93175220489502,697550
2012-03-12,14.779149055480957,14.837843278095493,14.74393296971191,14.82610420967275,568450
2012-03-13,15.107831954956055,15.107831954956055,14.896533245817148,14.896533245817148,788700
2012-03-14,15.002184867858887,15.084357222443193,14.955229716453191,15.049140019264584,1019900
2012-03-15,15.084354400634766,15.143047489287918,15.025660192482707,15.06087626957438,981050
2012-03-16,15.154789924621582,15.190006009543866,15.107834771558817,15.143050856481102,743550
2012-03-19,15.072616577148438,15.119571723639593,14.978706284166122,15.002183297662201,467200
2012-03-20,14.873059272766113,14.920014426670301,14.837843187212766,14.89653628996862,835100
2012-03-21,14.908275604248047,14.955230758926811,14.86132044956928,14.943491690382322,1344150
2012-03-22,14.790885925292969,14.84957901968381,14.767407791937421,14.80262387247173,733050
2012-03-23,14.966968536376953,15.025662754537073,14.873058235120398,14.908274318216831,577700
2012-03-26,15.096095085144043,15.13131228812313,14.990446834704109,15.025662918184086,783950
2012-03-27,15.119572639465332,15.225222005344598,15.11957263946533,15.190004803718798,550050
2012-03-28,15.107831954956055,15.190003177621653,15.037399798242383,15.178265231168671,908950
2012-03-29,14.990445137023926,15.03740028284589,14.884795779049758,15.00218308385518,1044900
2012-03-30,15.131311416625977,15.143049364110508,15.049139067239981,15.084356268190712,693750
2012-04-02,15.26043701171875,15.260437011718748,15.084355493998512,15.107832507261683,1051550
2012-04-03,15.119572639465332,15.201743870927398,15.049139355712796,15.154788721592064,976250
2012-04-04,14.920011520385742,14.931750586449917,14.826101230870247,14.896533388257389,727950
2012-04-05,14.873059272766113,14.931753495021143,14.826104118861926,14.837843187212766,439900
2012-04-09,14.720452308654785,14.755668388385104,14.685236228924467,14.720452308654785,459350
2012-04-10,14.614803314208984,14.802623903450378,14.603064247506643,14.802623903450378,1240600
2012-04-11,14.732194900512695,14.743933969731652,14.685239743136131,14.743933969731652,568350
2012-04-12,14.966968536376953,15.037401822068917,14.837842152023963,14.837842152023963,539500
2012-04-13,14.966968536376953,15.060878837633508,14.920013385748675,15.037401822068917,773100
2012-04-16,14.955228805541992,15.06087816964457,14.896534589985112,15.06087816964457,503800
2012-04-17,15.096095085144043,15.178267439262804,14.990446834704109,14.990446834704109,1183050
2012-04-18,15.060879707336426,15.096095792466441,14.990447537076394,15.002185485786958,430250
2012-04-19,15.03740119934082,15.143049444255022,14.955228849519928,15.060878213933181,391450
2012-04-20,15.107831954956055,15.154787099264817,15.084354942551146,15.096092889004128,545000
2012-04-23,14.93175220489502,14.955229220069077,14.802624703190933,14.884797055047828,631500
2012-04-24,14.990445137023926,15.07261636233762,14.978706070693688,15.00218308385518,763400
2012-04-25,15.166528701782227,15.190005718113609,15.084357465373685,15.09609541378981,709300
2012-04-26,15.283913612365723,15.307390623275472,15.166525199320349,15.17826426452466,786650
2012-04-27,15.389564514160156,15.41304264864737,15.283916267464916,15.330871416940267,1780950
2012-04-30,15.26043701171875,15.307392157744077,15.21348186569342,15.307392157744077,943450
2012-05-01,15.248699188232422,15.389564637790105,15.236960120894512,15.248699188232422,3695850
2012-05-02,15.401301383972168,15.413040449540864,15.283914086781941,15.330869229557814,1619000
2012-05-03,15.236959457397461,15.377826020320153,15.236959457397461,15.366086953493424,721100
2012-05-04,15.14305305480957,15.248702444412782,15.072620874740307,15.2252254242228,1035300
2012-05-07,14.990445137023926,15.025661216515655,14.943488871702979,14.966967004363452,879750
2012-05-08,14.908275604248047,14.97870889601579,14.767410140211748,14.955230758926811,999400
2012-05-09,14.755668640136719,14.837840986908086,14.650019279644255,14.67349741286436,1002750
2012-05-10,14.802624702453613,14.908274069479303,14.790886754616709,14.908274069479303,790150
2012-05-11,14.685237884521484,14.802625203356321,14.661759749055047,14.673498816788266,924050
2012-05-14,14.403508186340332,14.485679428380017,14.391769117620601,14.473940359660288,886700
2012-05-15,14.356550216674805,14.520893800852676,14.33307320150601,14.47393865101601,1239700
2012-05-16,14.08655834197998,14.2626398734551,14.074819274681886,14.215684723761797,932250
2012-05-17,13.922215461730957,14.121775137885122,13.898738445447654,14.051342969536082,742600
2012-05-18,13.710917472839355,13.863521992872567,13.687439337680814,13.828304790134755,1209050
2012-05-21,13.980911254882812,14.004389393307111,13.816568763909745,13.828306713622636,971850
2012-05-22,14.01612377166748,14.133512194879525,13.886997401733412,14.086557049494502,867000
2012-05-23,13.840046882629395,13.851785952774385,13.617010147371296,13.793091721548777,1072850
2012-05-24,13.746132850646973,13.886998295871907,13.64048348685351,13.886998295871907,2435500
2012-05-25,13.663959503173828,13.72265258996371,13.628742307701254,13.687436513990006,470700
2012-05-29,13.933956146240234,13.969172234500526,13.840045831213283,13.922217076987051,679650
2012-05-30,13.675700187683105,13.757872540743675,13.61700708913868,13.746133473235151,766150
2012-05-31,13.675700187683105,13.757872540743675,13.593528954121632,13.663962239673678,1432050
2012-06-01,13.300060272216797,13.499619961203216,13.288321203570726,13.45266480611813,1314050
2012-06-04,13.370490074157715,13.45266129423059,13.300056800167459,13.39396708582186,1045850
2012-06-05,13.487879753112793,13.499618820767159,13.382230383221714,13.39396945087608,996450
2012-06-06,13.840046882629395,13.863525022919376,13.675703259097558,13.734397490323166,837950
2012-06-07,13.781347274780273,14.00438504252227,13.746131197583768,13.957429899760625,693300
2012-06-08,13.640480995178223,13.663959124843204,13.49961557568485,13.581786790514608,539050
2012-06-11,13.593528747558594,13.840043563996147,13.558312665067252,13.828304496666007,690500
2012-06-12,13.875259399414062,13.898737533656274,13.757872086700184,13.875259399414062,3591050
2012-06-13,13.816567420959473,13.93395474317332,13.757873200102974,13.851783505673712,672750
2012-06-14,13.85178279876709,13.92221496460116,13.74613343051689,13.781349513433927,740600
2012-06-15,14.133512496948242,14.168728576864922,14.027863137699205,14.039602204171096,944900
2012-06-18,14.250899314880371,14.26263726052899,14.098294826459625,14.110033891607113,961400
2012-06-19,14.403508186340332,14.520895515039996,14.344813962240893,14.368290980181143,905950
2012-06-20,14.415241241455078,14.497413575095718,14.333070027313267,14.415241241455078,639000
2012-06-21,13.992951393127441,14.326969820337535,13.957164110803928,14.315040347010633,1298400
2012-06-22,14.148030281066895,14.183818698891551,14.076455720731833,14.183818698891551,552000
2012-06-25,13.921375274658203,13.981021496978158,13.849799580342845,13.969092024982753,820500
2012-06-26,14.016810417175293,14.076456646481946,13.921376905347525,14.040669363960832,593450
2012-06-27,14.207679748535156,14.279255462860379,14.195750273204723,14.219609223865591,883150
2012-06-28,14.279254913330078,14.279254913330078,14.112245678103424,14.183821389674087,985800
2012-06-29,14.696771621704102,14.696771621704102,14.56555085281638,14.58940865731552,871800
2012-07-02,14.780280113220215,14.804137923097151,14.637129840986892,14.708704408274937,1542600
2012-07-03,15.042719841003418,15.078508257857749,14.899569586557385,14.911499058842162,841650
2012-07-05,15.018863677978516,15.066580434683356,14.911500690978317,14.983076394864188,1035700
2012-07-06,14.899567604064941,14.93535601615737,14.79220464310154,14.87570980032693,656950
2012-07-09,14.768350601196289,14.816067358483789,14.708704370172608,14.744491653723925,669750
2012-07-10,14.81606674194336,15.018863236390574,14.756420513401734,14.971146481088711,742450
2012-07-11,15.090435028076172,15.138151774611437,15.018860477101757,15.066577223637024,1243300
2012-07-12,14.971148490905762,15.030794727454657,14.851856017807973,14.923431729198114,827350
2012-07-13,15.20973014831543,15.281305849582541,15.06657988343838,15.078509356592429,767450
2012-07-16,15.197799682617188,15.245516434459898,15.102366178931765,15.16201240314943,398250
2012-07-17,15.388671875,15.436388642920253,15.126230220267354,15.269380524028113,2187500
2012-07-18,15.436382293701172,15.4840990419948,15.317090991795611,15.352878268601579,1345900
2012-07-19,15.531816482543945,15.579533229469215,15.472170264473116,15.531816482543947,1038900
2012-07-20,15.364809036254883,15.448313068398823,15.329021756429924,15.424455261067889,1297700
2012-07-23,15.114297866821289,15.173944099782137,14.99500540089959,15.078510582107686,930450
2012-07-24,15.233588218688965,15.305162778183348,15.138153576601267,15.281304970904257,1385050
2012-07-25,15.281304359436035,15.364808388057178,15.20972866514858,15.31709163775123,831350
2012-07-26,15.567606925964355,15.639181492087502,15.496031222183996,15.507960695756925,1087400
2012-07-27,15.651105880737305,15.698822621869008,15.460238916210496,15.5079556573422,1079250
2012-07-30,15.69882869720459,15.74654545680234,15.651111937606839,15.68689922289083,690250
2012-07-31,15.674970626831055,15.722687385639148,15.639182204482037,15.686898963290128,1788250
2012-08-01,15.69882869720459,15.84197897599784,15.663041411920599,15.83005063934137,1244500
2012-08-02,15.591463088989258,15.674968257524377,15.484100113484892,15.56760528202001,1542750
2012-08-03,15.961270332336426,15.97319980581946,15.818120063511635,15.818120063511635,1372200
2012-08-06,15.913556098937988,15.97320233815205,15.865839335098219,15.901626623563699,1380450
2012-08-07,15.865836143493652,15.949340179001057,15.85390667051912,15.877765616468183,1047000
2012-08-08,15.830045700073242,15.865832974190939,15.746540543589372,15.770399484772458,823900
2012-08-09,15.830045700073242,15.937407522426334,15.8181162294817,15.8181162294817,743850
2012-08-10,15.818120956420898,15.841978767076498,15.710757964327524,15.734615774983121,663800
2012-08-13,15.830045700073242,15.901620248308635,15.806186758890156,15.865832974190939,1093150
2012-08-14,15.9493408203125,16.020916523380542,15.913553537607084,15.973199767220917,2282200
2012-08-15,15.818120956420898,15.865837715389368,15.78233253395159,15.818120956420898,1052650
2012-08-16,15.877764701843262,15.949339260253144,15.782330061201595,15.81811847806363,938950
2012-08-17,15.746543884277344,15.830049058477146,15.71075660256724,15.81811958535472,1819300
2012-08-20,15.782330513000488,15.794259985629337,15.686897007283953,15.746543232771069,515850
2012-08-21,15.734609603881836,15.88968929412155,15.698822333105541,15.853902023345254,938900
2012-08-22,15.746543884277344,15.758473357399769,15.60339361977976,15.674969320857139,793050
2012-08-23,15.651105880737305,15.710752091566144,15.61531860930274,15.698822621869008,904600
2012-08-24,15.710752487182617,15.746539759518349,15.591460062521003,15.663035744849346,775850
2012-08-27,15.579535484313965,15.674968991976707,15.555676538569704,15.663039519104576,683900
2012-08-28,15.531816482543945,15.615320505248919,15.531816482543947,15.591461562957793,1266250
2012-08-29,15.627250671386719,15.674967420434099,15.591462256358408,15.639179005405788,615350
2012-08-30,15.400595664978027,15.46024188726933,15.388666192988355,15.46024188726933,712150
2012-08-31,15.663039207458496,15.674968680093267,15.519888948812632,15.591463509307001,1217150
2012-09-04,15.472174644470215,15.555678690814236,15.436386220902229,15.543749216291573,1446300
2012-09-05,15.460241317749023,15.484099123192438,15.388665626104736,15.460241317749025,880800
2012-09-06,15.686897277832031,15.758472977182445,15.400596755744667,15.424455701413855,5083200
2012-09-07,15.818120956420898,15.818120956420898,15.686899016014651,15.686899016014651,1243500
2012-09-10,15.734609603881836,15.81811475256896,15.698822333105541,15.746539073359543,1175600
2012-09-11,15.901623725891113,15.925482672291997,15.818119688802382,15.841977497546084,754050
2012-09-12,15.985129356384277,15.997058830773852,15.92548425975098,15.937412596483263,1002200
2012-09-13,16.235639572143555,16.295285795199216,15.937409594522316,15.99705581757798,1392800
2012-09-14,16.390722274780273,16.486155793944217,16.307218229926146,16.307218229926146,1291850
2012-09-17,16.235639572143555,16.36686149039743,16.211781765515536,16.35493201825488,1006800
2012-09-18,16.235639572143555,16.2714279885712,16.16406501460242,16.235639572143555,891400
2012-09-19,16.283353805541992,16.31914221643651,16.223708729364933,16.27142547290072,658150
2012-09-20,16.223709106445312,16.27142585109016,16.14020395007413,16.211779635869867,621250
2012-09-21,16.259496688842773,16.35493017994217,16.259496688842773,16.343000709140508,372500
2012-09-24,16.14020538330078,16.18792213218281,16.08055916278399,16.116347577688284,563700
2012-09-25,16.008989334106445,16.2237153362907,15.973202046294858,16.164069098166475,1823050
2012-09-26,15.853902816772461,15.949336302056546,15.830045014279879,15.925478499563965,935700
2012-09-27,16.128278732299805,16.175995486161046,16.02091575169772,16.056703032679366,567400
2012-09-28,15.997056007385254,16.092489510343814,15.985126535101159,16.08056003805972,1141800
2012-10-01,16.068634033203125,16.187925360368673,16.032845611161928,16.032845611161928,827800
2012-10-02,16.0805606842041,16.164065855891042,16.008986122937742,16.152136383127605,670700
2012-10-03,16.04477310180664,16.06863204688479,15.96126906934735,16.06863204688479,848600
2012-10-04,16.187923431396484,16.199852903988685,16.092489925973112,16.104419398565312,711100
2012-10-05,16.187923431396484,16.354932634715947,16.116348871157516,16.31914535459646,3703700
2012-10-08,16.008989334106445,16.05670609707435,15.997059858950127,16.020918809262763,571950
2012-10-09,15.865836143493652,15.997056933242025,15.85390667051912,15.985127460267494,921050
2012-10-10,15.746543884277344,15.889694148774925,15.722686075689666,15.877765813309674,927150
2012-10-11,15.80618953704834,15.889693570552275,15.78233059167171,15.889693570552275,650550
2012-10-12,15.853902816772461,15.925478499563965,15.806186074130416,15.877761756921922,752000
2012-10-15,15.961270332336426,15.997057615128321,15.901624102578461,15.949340858853391,1146650
2012-10-16,16.128278732299805,16.15213654040185,16.008986278818124,16.04477355979977,1075050
2012-10-17,16.235639572143555,16.247569044286102,16.09248931940421,16.140206070317323,995300
2012-10-18,16.175994873046875,16.211782152672082,16.080560231284473,16.14020645576456,591200
2012-10-19,15.937408447265625,16.044771413505863,15.901621171071211,16.03284194222206,1155900
2012-10-22,16.02091407775879,16.068630826634365,15.925480580007637,15.973197328883213,1249100
2012-10-23,15.889695167541504,15.937411925433388,15.80619112564502,15.889695167541504,1309350
2012-10-24,15.865836143493652,15.961269651975588,15.85390667051912,15.925482370709153,910700
2012-10-25,16.02091407775879,16.04477188336806,15.925480580007637,15.997055134492484,867200
2012-10-26,15.961270332336426,15.97319980581946,15.841977872820497,15.92548304954453,1092950
2012-10-31,15.913556098937988,15.93741391202918,15.75847633204439,15.84198038434964,1270650
2012-11-01,15.925483703613281,15.93741203992901,15.77040395493624,15.77040395493624,1087100
2012-11-02,15.734609603881836,15.87776096230067,15.710751802583248,15.87776096230067,1062800
2012-11-05,15.830045700073242,15.865832974190939,15.722682740063219,15.722682740063219,769800
2012-11-06,15.865836143493652,15.901623424760087,15.746543689062651,15.758473162037182,806950
2012-11-07,15.722686767578125,15.818120281442802,15.627253253713446,15.80619080779541,1160100
2012-11-08,15.543745040893555,15.722683697694633,15.531816707232418,15.663037478760941,938600
2012-11-09,15.567606925964355,15.67496991280629,15.555677452391427,15.567606925964357,1010000
2012-11-12,15.663039207458496,15.710755960340451,15.627251927211312,15.674968680093267,305350
2012-11-13,15.567606925964355,15.67496991280629,15.519890169329855,15.555677452391427,1337700
2012-11-14,15.305163383483887,15.51988934577341,15.269376102321353,15.484100926953719,1603700
2012-11-15,15.20973014831543,15.257446903274445,15.126226111551444,15.185871202007332,1424700
2012-11-16,15.221658706665039,15.245516513882132,15.054649505516958,15.162012482136644,903200
2012-11-19,15.436382293701172,15.436382293701172,15.317090991795611,15.329020463283273,1120500
2012-11-20,15.388671875,15.41253082778887,15.281310000422547,15.3290267683428,655100
2012-11-21,15.400595664978027,15.436382943289983,15.364808386666073,15.424454608957376,361500
2012-11-23,15.651105880737305,15.698822621869008,15.603389139605603,15.61531860930274,553200
2012-11-26,15.722686767578125,15.722686767578123,15.615323780066056,15.639181589703613,598050
2012-11-27,15.674970626831055,15.758474670330898,15.651111678598376,15.710757911522807,621250
2012-11-28,15.853902816772461,15.877761756921922,15.686893648696868,15.710752588846331,1038250
2012-11-29,16.04477310180664,16.056702574345714,15.949339596808276,15.985126876768383,702050
2012-11-30,16.14020538330078,16.175993798205074,16.092488634418757,16.092488634418757,858650
2012-12-03,16.056703567504883,16.128279269509402,16.03284462095098,16.092490849678548,663550
2012-12-04,16.056703567504883,16.140207605129167,16.044774094227932,16.068633040781833,1254750
2012-12-05,16.128278732299805,16.199853294263093,16.09249031366101,16.15213654040185,629100
2012-12-06,16.187923431396484,16.187923431396484,16.116348871157516,16.152136151277,762450
2012-12-07,16.390722274780273,16.40265174909009,16.307218229926146,16.35493498950812,1339150
2012-12-10,16.378787994384766,16.41457640681269,16.319142915652133,16.36685966123241,531450
2012-12-11,16.402647018432617,16.462293235121944,16.354930272612545,16.39071754756336,1991250
2012-12-12,16.462295532226562,16.533870092115514,16.414578779748222,16.438436587158833,531500
2012-12-13,16.49808120727539,16.581585231575122,16.438434988065435,16.510010678648783,1137250
2012-12-14,16.56965446472168,16.60544173592974,16.51000825427035,16.51000825427035,775600
2012-12-17,16.581586837768555,16.59351631029751,16.46229552545037,16.46229552545037,1146900
2012-12-18,16.66233253479004,16.674566539228604,16.527761986062476,16.6011636792961,1246300
2012-12-19,16.58892822265625,16.637863065986263,16.52775937681906,16.58892822265625,1140450
2012-12-20,16.69902992248535,16.71126392438985,16.588927405440792,16.650095081566,682250
2012-12-21,16.564462661743164,16.57669666605548,16.491059802568138,16.503293806880453,735100
2012-12-24,16.601158142089844,16.61339214244784,16.564457307714353,16.61339214244784,185150
2012-12-26,16.564462661743164,16.66233236284395,16.564462661743164,16.63786552091819,460900
2012-12-27,16.62563133239746,16.67456618240567,16.539995636557812,16.67456618240567,627000
2012-12-28,16.62563133239746,16.67456618240567,16.552228474035726,16.576696482389256,1088350
2012-12-31,16.74796485900879,16.772432862957455,16.601160335412718,16.601160335412718,941800
2013-01-02,16.99264144897461,16.99264144897461,16.85806975101414,16.8947717595663,1237850
2013-01-03,16.845834732055664,17.004872081712787,16.845834732055664,16.894769570419065,2495550
2013-01-04,16.833600997924805,16.894769838524397,16.747964154405935,16.760198155865574,1398150
2013-01-07,16.6745662689209,16.723501119183002,16.65009826044042,16.699033110702523,810200
2013-01-08,16.576696395874023,16.637865249739747,16.527761546121212,16.625631245626835,860350
2013-01-09,16.735727310180664,16.78466213759705,16.72349331165199,16.772428139068374,746650
2013-01-10,16.91923713684082,16.955937975523508,16.83360145768168,16.870302296364365,899750
2013-01-11,16.77243423461914,16.821369079819757,16.735733392393364,16.79690107387008,870900
2013-01-14,16.66233253479004,16.66233253479004,16.57669683711785,16.650098530351475,444500
2013-01-15,16.601158142089844,16.637860143163827,16.55222330735636,16.57669130807235,614250
2013-01-16,16.69902992248535,16.723497926294346,16.650095081566,16.6623290834705,771750
2013-01-17,16.71126937866211,16.784672247347892,16.686802533566194,16.69903537276464,688100
2013-01-18,16.686796188354492,16.71126302414681,16.625627348825837,16.686796188354492,490650
2013-01-22,16.6745662689209,16.699033110702523,16.637865422899036,16.66233226468066,437150
2013-01-23,16.6745662689209,16.723501119183002,16.65009826044042,16.66233226468066,777300
2013-01-24,16.784664154052734,16.82136498734957,16.735729320757475,16.760196154055876,561100
2013-01-25,16.723499298095703,16.772434143029102,16.650096447346243,16.772434143029102,702750
2013-01-28,16.71126937866211,16.76020423555296,16.674568527668725,16.71126937866211,712750
2013-01-29,16.76019859313965,16.809133433556315,16.637862075447295,16.68679691586396,923700
2013-01-30,16.85807228088379,16.894774294943776,16.78467058616162,16.78467058616162,2019600
2013-01-31,16.845834732055664,16.858067566622584,16.772431891161276,16.809132728259183,1132200
2013-02-01,16.882535934448242,16.943704775400672,16.85806793138783,16.907002770810053,820650
2013-02-04,16.784664154052734,16.894767820641686,16.760196154055876,16.894767820641686,889450
2013-02-05,16.821367263793945,16.907002941975158,16.78466642553037,16.809133262139884,769700
2013-02-06,16.85807228088379,16.87030628557045,16.747968572101634,16.747968572101634,829300
2013-02-07,16.74796485900879,16.80913370218181,16.66232917858574,16.78466686493179,613100
2013-02-08,16.91923713684082,16.955937975523508,16.82136745588791,16.882536298158136,452200
2013-02-11,16.8947696685791,16.94370450722682,16.845834829931384,16.907002503217093,466050
2013-02-12,16.955944061279297,16.99264607983354,16.83360749952895,16.894776363753646,377100
2013-02-13,17.004871368408203,17.066040205471246,16.992638534354416,17.017105369160518,577350
2013-02-14,16.99264144897461,16.99264144897461,16.919238598569013,16.96817344327317,689450
2013-02-15,16.882535934448242,16.943704775400672,16.85806793138783,16.943704775400672,646600
2013-02-19,16.99264144897461,17.06604313268148,16.98040744612389,17.004874285126604,940850
2013-02-20,16.955944061279297,17.053813777359196,16.907009203239348,17.029346931688742,619550
2013-02-21,16.809133529663086,16.89477037590585,16.73573185196772,16.88253637405708,659350
2013-02-22,16.91923713684082,16.931471138634592,16.858068294570597,16.858068294570597,479750
2013-02-25,16.61339569091797,16.95593960721663,16.61339569091797,16.95593960721663,854100
2013-02-26,16.650096893310547,16.735733749261776,16.588929210529503,16.674564899781974,671900
2013-02-27,16.833600997924805,16.894769838524397,16.69902931526598,16.760198155865574,675650
2013-02-28,16.71126937866211,16.833607104238745,16.69903537276464,16.796905086546342,814500
2013-03-01,16.76019859313965,16.784666596697296,16.650094910527493,16.71126375272298,763700
2013-03-04,16.552227020263672,16.552227020263672,16.442123325740834,16.515526177655644,744150
2013-03-05,16.66233253479004,16.711267385845414,16.63786569261179,16.63786569261179,861850
2013-03-06,16.74796485900879,16.79689970020748,16.7357320237331,16.78466686493179,697350
2013-03-07,16.809133529663086,16.85806837035954,16.809133529663086,16.8458355352094,724000
2013-03-08,16.821367263793945,16.833601265448007,16.711263582304607,16.760198422222246,1151950
2013-03-11,16.723499298095703,16.772434143029102,16.69903129227964,16.747966137213037,737050
2013-03-12,16.796903610229492,16.845839629518267,16.77243676728402,16.833605624696073,773200
2013-03-13,16.686796188354492,16.747963861184573,16.686796188354492,16.747963861184573,769450
2013-03-14,16.77243423461914,16.78466823759398,16.711265386443685,16.711265386443685,249950
2013-03-15,16.735727310180664,16.772428139068374,16.699025314594635,16.7601941405397,379600
2013-03-18,16.61339569091797,16.650096533132427,16.57669484870351,16.61339569091797,802900
2013-03-19,16.62563133239746,16.723501032413875,16.552228474035726,16.723501032413875,764650
2013-03-20,16.58892822265625,16.625629063479085,16.564460217641894,16.613395060971907,442500
2013-03-21,16.637861251831055,16.699028924299963,16.613393249484638,16.650094086305696,387750
2013-03-22,16.69902992248535,16.723497926294346,16.650095081566,16.686797087279494,332050
2013-03-25,16.723499298095703,16.845836993778562,16.69903129227964,16.796900982146433,550650
2013-03-26,16.968172073364258,16.968172073364258,16.845835554829954,16.845835554829954,445500
2013-03-27,17.01710319519043,17.029337194379824,16.90699953588263,16.968168365131227,621050
2013-03-28,17.07827377319336,17.090507773635473,16.992638103495562,16.992638103495562,409650
2013-04-01,16.91923713684082,17.06604165827019,16.894770299951908,17.041574821381275,424450
2013-04-02,17.02933692932129,17.114972588917396,17.017102930322313,17.041570928320265,712750
2013-04-03,17.004871368408203,17.1394430432866,16.980404533602105,17.1394430432866,785100
2013-04-04,17.02933692932129,17.066037759619853,16.955934102025797,17.017102930322313,680650
2013-04-05,16.99264144897461,17.029342290828044,16.833602912011425,16.87030375386486,580900
2013-04-08,16.90700340270996,16.943705408672322,16.87030256344625,16.943705408672322,1069400
2013-04-09,17.0660400390625,17.102740874263052,16.955936366762337,16.992638368661403,623900
2013-04-10,17.0660400390625,17.11497487489607,17.02933920386195,17.0660400390625,1042950
2013-04-11,17.11497688293457,17.139444887071356,17.06604204135965,17.090510045496437,522800
2013-04-12,17.004871368408203,17.029339369912833,16.907001695786747,16.980404533602105,723600
2013-04-15,16.821367263793945,17.004872621810435,16.772432423876307,17.004872621810435,992000
2013-04-16,17.01710319519043,17.053804026060238,16.93146753426142,17.004869196001035,1368450
2013-04-17,16.870304107666016,16.96817379912683,16.845837268150188,16.931472956503715,1095400
2013-04-18,16.980405807495117,17.066041485788766,16.955937804154868,17.04157464914713,577300
2013-04-19,17.0660400390625,17.090508040328544,17.02933920386195,17.0660400390625,347150
2013-04-22,16.980405807495117,17.01710664580688,16.90700296417298,16.955937804154868,997750
2013-04-23,16.882535934448242,16.907002770810053,16.74796425101317,16.82136709349581,1166850
2013-04-24,17.004871368408203,17.066040205471246,16.955936532097475,16.96817053284979,436350
2013-04-25,17.335186004638672,17.335186004638672,17.22508230829734,17.261783151511526,1108650
2013-04-26,17.384122848510742,17.408589691231736,17.3474220010798,17.39635685322069,594050
2013-04-29,17.59209442138672,17.653263271838377,17.518691567504973,17.555393577795236,776650
2013-04-30,17.665494918823242,17.689962924035534,17.56762523137149,17.641028080309656,618950
2013-05-01,17.518693923950195,17.68996649491301,17.445292226893944,17.68996649491301,770650
2013-05-02,17.80006980895996,17.81230381376194,17.714432942045015,17.714432942045015,781050
2013-05-03,17.6777286529541,17.714429493516448,17.64102781239175,17.64102781239175,732600
2013-05-06,17.7388973236084,17.76336532820805,17.66549447650812,17.677728478807943,464750
2013-05-07,17.77559471130371,17.787828711227363,17.665491045387768,17.738893878231213,991900
2013-05-08,17.971338272094727,17.971338272094727,17.91017059148011,17.91017059148011,316750
2013-05-09,17.971338272094727,17.99580627769955,17.885702585875286,17.959105435991038,1334250
2013-05-10,17.934635162353516,17.946869163608802,17.86123348821894,17.934635162353516,675950
2013-05-13,17.861236572265625,17.873469408934547,17.800067722125917,17.873469408934547,351350
2013-05-14,17.922399520874023,17.922399520874023,17.848997853457032,17.848997853457032,709800
2013-05-15,17.849002838134766,17.873469678540445,17.77559998352014,17.849002838134766,342700
2013-05-16,17.71442985534668,17.775598701999133,17.67772901403469,17.726663858016913,339750
2013-05-17,17.6287899017334,17.714425566293325,17.57985506959938,17.68995873357553,2673700
2013-05-20,17.72666358947754,17.751131594447344,17.689962748721527,17.73889759196244,816650
2013-05-21,17.6287899017334,17.653257901149622,17.543154237173468,17.567621069891267,368050
2013-05-22,17.445287704467773,17.72666274807275,17.384118861645366,17.604326229126574,759200
2013-05-23,17.29848289489746,17.32294973160157,17.114976369472853,17.176145211281057,1224350
2013-05-24,17.13944435119629,17.200613192927122,17.1272103495104,17.163911187869452,617650
2013-05-28,17.127208709716797,17.274013215796263,17.114974709202215,17.249546381465603,500600
2013-05-29,16.882535934448242,16.968171611762486,16.85806793138783,16.943704775400672,1562900
2013-05-30,16.8947696685791,16.94370450722682,16.809132825921658,16.845834829931384,471300
2013-05-31,16.552227020263672,16.74796640310483,16.503292174553383,16.69903155739454,1111700
2013-06-03,16.821367263793945,16.870302103711584,16.61339390246933,16.650094740732907,988450
2013-06-04,16.74796485900879,16.821367704156145,16.66232917858574,16.80913370218181,532400
2013-06-05,16.417654037475586,16.613393391121427,16.393186034920568,16.613393391121427,1469450
2013-06-06,16.3931884765625,16.40542247966217,16.23415110306177,16.270851945662034,842250
2013-06-07,16.36872100830078,16.454356693311514,16.295318159221075,16.36872100830078,1272450
2013-06-10,16.160741806030273,16.221910630434888,16.124040978066816,16.221910630434888,581600
2013-06-11,16.06287956237793,16.16074925988665,16.01394471362357,16.026178717486868,1192350
2013-06-12,15.9160737991333,16.075112337099206,15.854904951192765,16.038410328315642,1229400
2013-06-13,16.172977447509766,16.24637911089467,15.989470955650697,16.001704955114317,1240550
2013-06-14,16.19744300842285,16.28307983124826,16.124041350799146,16.20967700692624,1379650
2013-06-17,16.27085304260254,16.34425473275163,16.20968418967908,16.20968418967908,1975800
2013-06-18,16.405418395996094,16.442119229460722,16.356483562477102,16.356483562477102,900000
2013-06-19,16.050647735595703,16.38095888451456,16.0139468857266,16.332024029122763,1356200
2013-06-20,15.218754768371582,15.659169655044408,15.05971735562755,15.610234797269543,5692950
2013-06-21,15.573529243469238,15.610231253492714,15.279920163474092,15.53682840014454,3091700
2013-06-24,15.218754768371582,15.292157638383399,15.05971735562755,15.279923632264923,1333650
2013-06-25,15.671399116516113,15.73256679597202,15.5490614242069,15.573528262649523,986800
2013-06-26,15.72033405303955,15.757034894269813,15.646931203880323,15.695866047753572,1260650
2013-06-27,15.878618240356445,15.928472568088297,15.828763912624593,15.84122779171279,576200
2013-06-28,15.940940856933594,15.990795198456699,15.791377832364281,15.853696056423477,1407200
2013-07-01,15.79137897491455,15.891087665174961,15.766451208038776,15.81630555316898,2856950
2013-07-02,15.803841590881348,16.028185531664167,15.75398724974947,15.916014155583383,1470300
2013-07-03,15.729058265686035,15.778912602953614,15.629349591150874,15.641813472623058,1000550
2013-07-05,15.641812324523926,15.853693539514483,15.59195799091562,15.828765778399795,1475300
2013-07-08,15.704132080078125,15.766449111739227,15.641813859795832,15.654277741576529,715650
2013-07-09,15.916015625,15.978332665702212,15.828769628498451,15.928478319967626,433150
2013-07-10,15.990791320800781,16.10296385918202,15.953400870880694,15.978327441287096,797000
2013-07-11,16.701221466064453,16.7136853497974,16.501804080822822,16.51426796455577,795550
2013-07-12,16.476869583129883,16.51426002773735,16.4145513830369,16.45194182764437,606850
2013-07-15,16.576583862304688,16.601510437642084,16.4519474197541,16.4644113017334,845200
2013-07-16,16.501794815063477,16.514258691797956,16.427013931898028,16.501794815063477,762100
2013-07-17,16.48933982849121,16.526731478854206,16.451949366749567,16.50180371194554,819850
2013-07-18,16.414554595947266,16.45194504787337,16.389626835582504,16.427018476129646,533950
2013-07-19,16.427021026611328,16.43948372010765,16.37716668676239,16.43948372010765,458650
2013-07-22,16.6513671875,16.67629495506731,16.564122378257178,16.613976724770417,681650
2013-07-23,16.67629051208496,16.763535298083585,16.63890005931713,16.65136275115903,708450
2013-07-24,16.638896942138672,16.7884599138115,16.601505307754834,16.76353215755561,746400
2013-07-25,16.738609313964844,16.738609313964844,16.564118547215017,16.60150900129673,1196150
2013-07-26,16.763532638549805,16.763532638549805,16.626433541071155,16.65136010942142,418850
2013-07-29,16.613975524902344,16.67629375069859,16.58904894775662,16.613975524902344,645600
2013-07-30,16.6513671875,16.701221534013243,16.589050145824487,16.663831071283656,1010200
2013-07-31,16.601512908935547,16.701221602370126,16.464413752618345,16.514268099335634,1216500
2013-08-01,16.75107192993164,16.813390145531326,16.726145356864425,16.775999691619955,790700
2013-08-02,16.75107192993164,16.78846357246411,16.651363260420585,16.71368147602027,741850
2013-08-05,16.726144790649414,16.788463004139498,16.68875433800379,16.726144790649414,815100
2013-08-06,16.613975524902344,16.613975524902344,16.514266839076864,16.613975524902344,457850
2013-08-07,16.66382598876953,16.676289868751667,16.613971657462002,16.638899417426277,475250
2013-08-08,16.850780487060547,16.913097509227804,16.726144065484018,16.825852727296837,475150
2013-08-09,16.900636672973633,16.93802712810215,16.838318455345348,16.850782336595234,565700
2013-08-12,16.80092430114746,16.838315939309936,16.726143402064434,16.726143402064434,466700
2013-08-13,16.763532638549805,16.80092308538564,16.688751744878132,16.738606070199538,541950
2013-08-14,16.701221466064453,16.75107581237486,16.688758770952884,16.7136853497974,413950
2013-08-15,16.514265060424805,16.539192823507,16.31484771025189,16.451946841340476,1101250
2013-08-16,16.37716293334961,16.489334280835727,16.364699054088614,16.464407710934683,377700
2013-08-19,16.177745819091797,16.3148461254841,16.165283127382448,16.252527912453147,650250
2013-08-20,16.040651321411133,16.078041784550628,16.003260858271638,16.078041784550628,800450
2013-08-21,15.778912544250488,15.903548981266328,15.71659432574257,15.903548981266328,613450
2013-08-22,15.716593742370605,15.791375839528559,15.69166716906536,15.69166716906536,874000
2013-08-23,15.716593742370605,15.753985385260137,15.654276714796936,15.753985385260137,708300
2013-08-26,15.679203987121582,15.753986087613518,15.629349649667349,15.753986087613518,382450
2013-08-27,15.355146408081055,15.454855058370864,15.280365514674132,15.429928490108846,1032550
2013-08-28,15.39254093170166,15.479785719920866,15.330222716421762,15.367613170141265,761050
2013-08-29,15.47978401184082,15.554564911028304,15.442393562247078,15.492247891245722,1250900
2013-08-30,15.454859733581543,15.567032296245836,15.41746927556719,15.529641838231482,698400
2013-09-03,15.492249488830566,15.62934861055947,15.47978560814037,15.591958157109966,1174400
2013-09-04,15.554567337036133,15.6168855551593,15.442395970759813,15.45485866348753,2403450
2013-09-05,15.591960906982422,15.64181524991467,15.554569258317263,15.579497024094035,356500
2013-09-06,15.828770637512207,15.878624986424787,15.654281010628894,15.766452404216123,1654650
2013-09-09,16.152822494506836,16.17774907155797,15.965869006448848,15.965869006448848,1284300
2013-09-10,16.152822494506836,16.227604602902804,16.140358611670628,16.190212954394177,1402850
2013-09-11,16.165283203125,16.215137536059142,16.102964989802057,16.115428870190858,367700
2013-09-12,16.177745819091797,16.289918364823297,16.165283127382448,16.24006403212275,725800
2013-09-13,16.215137481689453,16.252527934109427,16.190209720995437,16.190209720995437,773300
2013-09-16,16.576583862304688,16.663828658917378,16.551656098346086,16.626438201600685,612650
2013-09-17,16.67629051208496,16.701217084389825,16.626436178854167,16.626436178854167,623000
2013-09-18,17.162368774414062,17.174831464529046,16.651360443830956,16.688752080038604,1060350
2013-09-19,17.0252742767334,17.137446846270212,16.987883816428226,17.10005638596504,1227400
2013-09-20,16.87571144104004,17.012810589483806,16.850784863423588,16.97542012874847,759300
2013-09-23,16.900636672973633,16.93802712810215,16.86324502922398,16.86324502922398,430100
2013-09-24,16.825855255126953,16.875709593523222,16.76353703497632,16.863245711768858,520450
2013-09-25,16.813390731811523,16.913099404799404,16.788464157875122,16.838318494369062,475850
2013-09-26,16.80092430114746,16.838315939309936,16.738607281451923,16.763533851605946,431500
2013-09-27,16.813390731811523,16.838318494369062,16.763536395317583,16.788464157875122,575900
2013-09-30,16.638896942138672,16.67628738790167,16.576578740119785,16.58904261824773,671200
2013-10-01,16.813390731811523,16.825854613090293,16.688755484887242,16.688755484887242,502000
2013-10-02,16.726144790649414,16.726144790649414,16.57658179144585,16.651362696737102,938100
2013-10-03,16.564123153686523,16.67629573574788,16.4644144559923,16.663831851380742,708050
2013-10-04,16.626436233520508,16.663826686411277,16.564118019621855,16.564118019621855,607750
2013-10-07,16.589048385620117,16.638902726843494,16.539194044396744,16.539194044396744,299950
2013-10-08,16.551658630371094,16.701221671138804,16.501804283448525,16.676295091988212,722000
2013-10-09,16.589048385620117,16.638902726843494,16.539194044396744,16.589048385620117,760650
2013-10-10,16.913097381591797,16.97541559190977,16.726143939258872,16.726143939258872,687050
2013-10-11,16.975419998168945,16.975419998168945,16.825856967756774,16.825856967756774,585300
2013-10-14,16.987884521484375,16.987884521484375,16.776003256592432,16.788467140085217,351800
2013-10-15,16.850780487060547,16.950489148873366,16.813388847414984,16.925561389109657,569200
2013-10-16,16.938030242919922,16.975420704924353,16.87571201383163,16.87571201383163,404800
2013-10-17,17.12497901916504,17.137442899269917,16.97541602376957,16.97541602376957,601050
2013-10-18,17.21222496032715,17.237151531871056,17.124978988370906,17.14990674853584,1197350
2013-10-21,17.08759117126465,17.162373274668134,17.075127289260536,17.12498162865579,505900
2013-10-22,17.33685874938965,17.386713076940623,17.237150094287696,17.274540542795695,469350
2013-10-23,17.112518310546875,17.174836533999766,17.06266396950881,17.16237384020619,746200
2013-10-24,17.249618530273438,17.274545106323476,17.22469076560216,17.2371546479378,379600
2013-10-25,17.274547576904297,17.29947534514071,17.212230533556088,17.212230533556088,368900
2013-10-28,17.249618530273438,17.26208241260908,17.124982084159523,17.17483642488084,740350
2013-10-29,17.249618530273438,17.287008988659117,17.21222807188776,17.22469076560216,547250
2013-10-30,17.287006378173828,17.399178925013093,17.19976159224154,17.349324591820206,476500
2013-10-31,17.21222496032715,17.2870058635799,17.187297200162217,17.237151531871056,542150
2013-11-01,17.199764251708984,17.199764251708984,17.075127805144657,17.12498214604614,826900
2013-11-04,17.187297821044922,17.199761701577643,17.11251572646968,17.149907368067836,482050
2013-11-05,17.1499080657959,17.18729852029418,17.062662087138417,17.1125164226765,565650
2013-11-06,17.21222496032715,17.249615411953524,17.14990674853584,17.22468765178859,778900
2013-11-07,17.037734985351562,17.187297987327963,16.98788065135943,17.149907533989133,1072900
2013-11-08,16.987884521484375,17.00034840497716,16.90063971427758,16.95049405962737,611150
2013-11-11,17.00034523010254,17.012807922646523,16.950490894063226,16.987881348937428,366850
2013-11-12,16.92556381225586,16.938027693922102,16.825855136168258,16.92556381225586,466100
2013-11-13,16.938030242919922,16.987884588466283,16.77600332273891,16.8383215518272,800150
2013-11-14,17.050193786621094,17.075120351880805,16.950485148340796,16.987875590540725,783550
2013-11-15,17.1499080657959,17.224688974792464,17.100053730257816,17.162371946835698,482450
2013-11-18,17.12497901916504,17.224687682762017,17.100052447576306,17.199761111173288,392200
2013-11-19,17.075124740600586,17.112515192410765,17.01280652850293,17.075124740600586,448000
2013-11-20,16.962955474853516,17.10005580568893,16.900638439333342,17.062664158031307,611800
2013-11-21,16.888174057006836,16.962954972866545,16.87571017482314,16.962954972866545,584000
2013-11-22,16.92556381225586,16.938027693922102,16.850782899500746,16.87570947421206,293550
2013-11-25,16.850780487060547,16.93802526899151,16.825852727296837,16.8881709380851,460600
2013-11-26,16.950490951538086,16.975417525331697,16.850782279121365,16.888172734122353,544250
2013-11-27,16.913097381591797,16.950489020955178,16.863243051061616,16.913097381591797,272000
2013-11-29,16.92556381225586,16.950491575588348,16.888173355878305,16.888173355878305,214350
2013-12-02,16.775999069213867,16.925562067931516,16.763535188832133,16.91309818754978,518850
2013-12-03,16.850780487060547,16.875707058203247,16.751070636626718,16.751070636626718,519650
2013-12-04,16.726144790649414,16.738608671071642,16.613972244091478,16.626436124513706,447950
2013-12-05,16.427021026611328,16.551656281923062,16.38962938025871,16.489338059956584,701350
2013-12-06,16.551658630371094,16.613976861179655,16.514268167334514,16.551658630371094,526850
2013-12-09,16.539194107055664,16.576584565959536,16.501802459530534,16.551656800942784,584550
2013-12-10,16.37716293334961,16.402089503250654,16.302380846404585,16.327308604926575,527800
2013-12-11,16.165283203125,16.28991844114983,16.102964989802057,16.252527988604488,761800
2013-12-12,16.102968215942383,16.177749136015013,16.102968215942383,16.165286441750435,556850
2013-12-13,16.22760009765625,16.25252666778705,16.14035413064605,16.215136218280367,433700
2013-12-16,16.252527236938477,16.289917687754542,16.21513678612241,16.21513678612241,535600
2013-12-17,16.140356063842773,16.165283825580232,16.090501728988954,16.165283825580232,509500
2013-12-18,16.2535457611084,16.36800754742754,15.93559689372353,16.13908397478926,908600
2013-12-19,16.075496673583984,16.126368448603476,15.999188404615351,16.075496673583984,1163000
2013-12-20,16.266265869140625,16.30441939798879,16.21539409305013,16.21539409305013,691250
2013-12-23,16.3171329498291,16.406158229149938,16.304414706246565,16.380722954863327,1084650
2013-12-24,16.406160354614258,16.469750367886746,16.380725077032434,16.406160354614258,218850
2013-12-26,16.41887855529785,16.49518681359353,16.39344327778504,16.406160310102138,295550
2013-12-27,16.584213256835938,16.647803274355507,16.53334148539602,16.53334148539602,592400
2013-12-30,16.60965347290039,16.622370508952518,16.546063441123856,16.60965347290039,460900
2013-12-31,16.74954605102539,16.77498132914246,16.647802512799828,16.647802512799828,287800
2014-01-02,16.48246955871582,16.67323839659907,16.457033066796082,16.58421310063738,954250
2014-01-03,16.36800765991211,16.4570329552705,16.342572381043432,16.4570329552705,714700
2014-01-06,16.2535457611084,16.36800754742754,16.240828728200796,16.342572268733658,1300000
2014-01-07,16.278982162475586,16.317135686744322,16.240828638206846,16.266263916759783,537850
2014-01-08,16.35529136657715,16.41888139065841,16.317137837279923,16.393446108753203,475950
2014-01-09,16.35529136657715,16.40616314326639,16.304419589887903,16.380727861361184,642950
2014-01-10,16.457035064697266,16.507906841833933,16.36800975792781,16.36800975792781,463800
2014-01-13,16.29170036315918,16.39344390284703,16.240828593315257,16.368007411485735,571350
2014-01-14,16.266265869140625,16.27898411638295,16.202675845807804,16.22811234029246,707950
2014-01-15,16.2535457611084,16.27898225268095,16.215392236628244,16.2535457611084,415800
2014-01-16,16.240829467773438,16.253546501260146,16.151802956094098,16.228111221408,729000
2014-01-17,16.151803970336914,16.202675746114398,16.1136504417235,16.17724046466506,511750
2014-01-21,16.037342071533203,16.113650341162618,15.948316767697886,16.113650341162618,941750
2014-01-22,16.126367568969727,16.13908460237184,16.024624024480474,16.062777550444263,576950
2014-01-23,15.872007369995117,15.948315634201062,15.782982072487107,15.948315634201062,3238050
2014-01-24,15.57949447631836,15.71939154110204,15.57949447631836,15.668519770919003,1495850
2014-01-27,15.57949447631836,15.668519770919003,15.541340951900752,15.630366246501396,2622000
2014-01-28,15.872007369995117,15.884725616175894,15.770263826306332,15.821135598150724,794650
2014-01-29,15.465030670166016,15.592210685450864,15.41415890662778,15.52862067780844,1752800
2014-01-30,15.655801773071289,15.693955295137267,15.566775271079209,15.668518805174216,733700
2014-01-31,15.541341781616211,15.566777061626322,15.42687998937387,15.477751762272828,1120150
2014-02-03,15.223394393920898,15.47775328341388,15.18523965083781,15.452316788025154,1960050
2014-02-04,15.452313423156738,15.52862167982731,15.401441656335889,15.47774991300646,827000
2014-02-05,15.41416072845459,15.452314252398072,15.312417189352871,15.36328895890373,696100
2014-02-06,15.617645263671875,15.643081750744868,15.554055258867853,15.579491745940846,756350
2014-02-07,15.757543563842773,15.770260594538762,15.681235315274522,15.74482532026832,474650
2014-02-10,15.630364418029785,15.69395442653936,15.579492653797832,15.68123618226174,642350
2014-02-11,15.872007369995117,15.872007369995117,15.706675021159874,15.732110300642715,667150
2014-02-12,15.795696258544922,15.859286260224927,15.757542742688278,15.846568017313245,532050
2014-02-13,15.872007369995117,15.935597388020286,15.719392054461938,15.770263826306332,462450
2014-02-14,16.02462387084961,16.037340904129806,15.910162081176887,15.94831560677489,524400
2014-02-18,16.113651275634766,16.16452305404496,16.088214779990235,16.16452305404496,684950
2014-02-19,16.10093116760254,16.21539295902093,16.10093116760254,16.139084693782426,593650
2014-02-20,16.18995475769043,16.215391247711707,16.100929468373167,16.12636595839444,770300
2014-02-21,16.164522171020508,16.18995745239671,16.1136503953893,16.126368642516805,345350
2014-02-24,16.3171329498291,16.35528646769825,16.177235909056577,16.18995293976065,385750
2014-02-25,16.151803970336914,16.291702263384106,16.126368688887574,16.278984016220033,822450
2014-02-26,16.062776565551758,16.151801858301567,16.02462304192736,16.075494811052774,700950
2014-02-27,16.215391159057617,16.240827648939824,16.06277585840015,16.10092938034487,645800
2014-02-28,16.113651275634766,16.189958336810623,16.088214779990235,16.16452305404496,630400
2014-03-03,15.948314666748047,15.999186435506468,15.897442897989626,15.961032912157311,553150
2014-03-04,16.126367568969727,16.15180284865268,16.050059304163426,16.088212830127215,519250
2014-03-05,15.986468315124512,16.037340084280792,15.948314791476964,15.986468315124512,942450
2014-03-06,16.22810935974121,16.278981126488294,16.17723759299413,16.21539111483479,1244700
2014-03-07,16.164522171020508,16.215393946651712,16.088213901134296,16.215393946651712,526500
2014-03-10,16.113651275634766,16.13908655840043,16.011907718814378,16.06277949722457,807500
2014-03-11,16.01190757751465,16.15180466368842,15.986471082094585,16.126369381147217,822950
2014-03-12,16.05005645751953,16.05005645751953,15.884722923828432,15.922877655903806,611150
2014-03-13,15.732112884521484,15.948318253589903,15.681241104321792,15.922882969929514,1087150
2014-03-14,15.846569061279297,15.846569061279297,15.757543780789375,15.782979055410005,891600
2014-03-17,16.01190757751465,16.01190757751465,15.935599304133316,15.935599304133316,716050
2014-03-18,15.961033821105957,16.024623838894964,15.884725557183403,15.922880295584033,850050
2014-03-19,15.732112884521484,15.910164721659863,15.655805820661401,15.897446473390211,1473800
2014-03-20,15.617645263671875,15.655799994281365,15.554055258867853,15.579491745940846,769000
2014-03-21,15.808419227600098,15.92288102226835,15.808419227600098,15.872008035412447,538650
2014-03-24,15.973749160766602,16.062774441745564,15.973749160766602,16.02462092316579,760450
2014-03-25,16.126367568969727,16.15180284865268,16.062777550444263,16.088212830127215,777950
2014-03-26,16.240829467773438,16.368008292791632,16.240829467773438,16.30441827384317,561950
2014-03-27,16.406160354614258,16.48246861311697,16.342571554220388,16.355288586571987,504800
2014-03-28,16.55877685546875,16.6096486234614,16.520622119815297,16.520622119815297,424050
2014-03-31,16.60965347290039,16.685960540729056,16.59693522396929,16.60965347290039,502050
2014-04-01,16.711389541625977,16.711389541625977,16.609646021578687,16.635081295151295,370400
2014-04-02,16.660520553588867,16.660520553588867,16.57149404907639,16.596930539759565,263600
2014-04-03,16.736827850341797,16.774981374058882,16.67323783556089,16.724109604809886,429100
2014-04-04,16.72410774230957,16.82585126947677,16.698672466957028,16.74954423054063,1937200
2014-04-07,16.660520553588867,16.660520553588867,16.584212294417977,16.622365817564106,520700
2014-04-08,16.914880752563477,16.92759899892504,16.800418961066875,16.82585424091127,940950
2014-04-09,16.991191864013672,17.06750014753366,16.87673125805222,16.914884793372703,497400
2014-04-10,16.902162551879883,17.01662434368582,16.88944430548395,16.92759904467175,1297100
2014-04-11,16.902162551879883,16.92759904467175,16.825854286383017,16.87672727196675,701100
2014-04-14,16.940319061279297,17.003909091578063,16.91488377688716,16.978473807185924,842200
2014-04-15,17.118364334106445,17.181954340001575,16.965749047685225,17.08021081572076,904550
2014-04-16,17.181957244873047,17.2328290156141,17.105648982322123,17.118367228227058,356050
2014-04-17,17.232830047607422,17.24554829427399,17.169240027153325,17.169240027153325,409800
2014-04-21,17.15652084350586,17.16923908947784,17.10564907249663,17.10564907249663,282150
2014-04-22,17.220109939575195,17.245546430158843,17.156519925994704,17.156519925994704,307900
2014-04-23,17.042062759399414,17.092934541465002,17.02934572354223,17.067499256871688,291950
2014-04-24,17.181957244873047,17.220110769709166,17.105648982322123,17.169238998968112,375700
2014-04-25,17.003904342651367,17.131084367729486,16.991186097567834,17.118366122645952,743300
2014-04-28,17.09292984008789,17.118366330563905,17.016622794417085,17.054776317252486,433900
2014-04-29,17.105648040771484,17.169238053917272,17.05477627283058,17.05477627283058,281200
2014-04-30,17.30913734436035,17.30913734436035,17.207393795359813,17.207393795359813,717750
2014-05-01,17.3472900390625,17.360007071528717,17.270981779872034,17.3218535483728,1528900
2014-05-02,17.283700942993164,17.334572714195257,17.22011092577087,17.283700942993164,431650
2014-05-05,17.30913734436035,17.321855591205114,17.19467676139383,17.207393795359813,412500
2014-05-06,17.30913734436035,17.385445612550143,17.270983816704845,17.283702063549605,500650
2014-05-07,17.30913734436035,17.334573838049874,17.207393795359813,17.232830289049335,723700
2014-05-08,17.30913734436035,17.41088089336089,17.296420310394367,17.321855591205114,455350
2014-05-09,17.3472900390625,17.39816180756327,17.33457179371765,17.3472900390625,294050
2014-05-12,17.38544273376465,17.410878010363668,17.220109190795995,17.24554568027359,679150
2014-05-13,17.321853637695312,17.398161897279273,17.270981868932218,17.34729012851618,774200
2014-05-14,17.474470138549805,17.525341910790523,17.423598366309086,17.449034858868806,782450
2014-05-15,17.42359733581543,17.512623841630386,17.41087909028777,17.449033826870746,428700
2014-05-16,17.499906539916992,17.538060065679034,17.410880029300614,17.436316521727782,430700
2014-05-19,17.563493728637695,17.58892900408854,17.487185476528115,17.55077548447301,323750
2014-05-20,17.449031829833984,17.499903593243705,17.436313585761923,17.499903593243705,293700
2014-05-21,17.52534294128418,17.538061188311875,17.47447116605219,17.47447116605219,271900
2014-05-22,17.487186431884766,17.499904676744272,17.44903291018484,17.461749942165756,211850
2014-05-23,17.52534294128418,17.57621471651617,17.487189413079886,17.512625907135277,342450
2014-05-27,17.449031829833984,18.00862122734093,17.372723578280144,18.00862122734093,1108250
2014-05-28,17.487186431884766,17.499904676744272,17.410878175606328,17.436314665325337,898550
2014-05-29,17.677955627441406,17.677955627441406,17.60164858242641,17.60164858242641,303750
2014-05-30,17.62708854675293,17.639806795263347,17.550781481448293,17.550781481448293,1116150
2014-06-02,17.576210021972656,17.60164650923405,17.512621229576105,17.550774747589728,1074300
2014-06-03,17.550779342651367,17.58893287065417,17.48718932072751,17.51262581464857,349300
2014-06-04,17.42359733581543,17.461750859519753,17.41087909028777,17.449033826870746,396350
2014-06-05,17.550779342651367,17.5634975896119,17.461752826806453,17.47447107376698,246550
2014-06-06,17.665237426757812,17.70339094674172,17.627082693895375,17.665237426757812,916650
2014-06-09,17.77969741821289,17.805133905974532,17.690672136804135,17.690672136804135,712950
2014-06-10,17.72882843017578,17.72882843017578,17.627084888963076,17.639803134834334,464950
2014-06-11,17.576210021972656,17.639800027247674,17.53805650395903,17.60164650923405,480400
2014-06-12,17.563493728637695,17.627082523704072,17.55077548447301,17.601647248253226,406850
2014-06-13,17.588930130004883,17.61436661996251,17.538058362968226,17.563494852925857,284800
2014-06-16,17.550779342651367,17.58893287065417,17.52534284873031,17.5634975896119,401850
2014-06-17,17.410877227783203,17.46174899157325,17.385441952327444,17.44903196028463,521300
2014-06-18,17.588930130004883,17.601648374983696,17.410878338937287,17.499904840910386,713800
2014-06-19,17.474470138549805,17.499906631109525,17.410880120029226,17.461751892269945,613700
2014-06-20,17.398155212402344,17.43630872109532,17.360000490831197,17.410872240047887,273200
2014-06-23,17.410877227783203,17.44903196028463,17.3727237081603,17.385441952327444,923600
2014-06-24,17.410877227783203,17.525338999530437,17.410877227783203,17.436313716117485,397350
2014-06-25,17.476661682128906,17.50245685274588,17.38637550986929,17.437968311183404,387700
2014-06-26,17.541149139404297,17.541149139404297,17.463761177683548,17.489557574937105,279600
2014-06-27,17.52825164794922,17.52825164794922,17.450863683106277,17.489558280547733,405250
2014-06-30,17.437963485717773,17.515350206194178,17.437963485717773,17.489555042715292,245400
2014-07-01,17.437963485717773,17.437963485717773,17.347677338442306,17.37347373196094,596950
2014-07-02,17.51535415649414,17.51535415649414,17.412171019227845,17.463762587860995,409450
2014-07-03,17.61853790283203,17.61853790283203,17.5153547619987,17.5153547619987,264450
2014-07-07,17.64432716369629,17.670122323447185,17.61853077390583,17.63142896880106,507300
2014-07-08,17.592742919921875,17.70882303206502,17.57984471967039,17.70882303206502,739150
2014-07-09,17.670124053955078,17.670124053955078,17.592737337084035,17.592737337084035,393150
2014-07-10,17.57984161376953,17.57984161376953,17.45086209412215,17.46376029209486,260650
2014-07-11,17.72171974182129,17.76041433932132,17.69592457352791,17.708821542654615,362600
2014-07-14,17.76041030883789,17.799103667517013,17.747512112598287,17.7733072750378,267200
2014-07-15,17.773311614990234,17.81200621315764,17.708821848084554,17.799108013768507,706850
2014-07-16,17.85070037841797,17.889393748273253,17.824903978487747,17.85070037841797,525500
2014-07-17,17.683027267456055,17.850700174971365,17.683027267456055,17.812006805557075,890050
2014-07-18,17.928081512451172,17.940979708383328,17.837796601005397,17.850694796937553,366750
2014-07-21,17.953880310058594,17.966778507719056,17.863595386515026,17.902288749456577,360000
2014-07-22,18.082862854003906,18.108658023603606,18.0183730849446,18.05706645436417,826700
2014-07-23,18.198938369750977,18.21183656631598,18.147346813530696,18.147346813530696,319250
2014-07-24,18.2247371673584,18.26343053211868,18.19894077082495,18.23763536562512,504300
2014-07-25,18.10865592956543,18.173145691167306,18.082860762948613,18.173145691167306,657200
2014-07-28,18.186044692993164,18.186044692993164,18.095758530745545,18.10865672964377,622950
2014-07-29,18.147354125976562,18.198945702985583,18.147354125976562,18.16025232773887,315700
2014-07-30,18.13445281982422,18.173146185822585,18.05706485778756,18.14734978846372,299900
2014-07-31,18.13445281982422,18.224737750500378,18.095758223785925,18.14734978846372,671050
2014-08-01,18.10865592956543,18.121554127893784,18.04416616796355,18.10865592956543,1134150
2014-08-04,18.044164657592773,18.044164657592773,17.94098153968258,17.979674901388954,509150
2014-08-05,17.953880310058594,17.979675475339686,17.902288749456577,17.94098211239813,613850
2014-08-06,17.915185928344727,17.94098109215894,17.812002813008352,17.824899779895578,352850
2014-08-07,17.837799072265625,17.889390633102117,17.812003906867297,17.837799072265625,316050
2014-08-08,17.76041030883789,17.78620547127741,17.695920557679557,17.708817523879468,1547400
2014-08-11,17.915185928344727,17.928082895231952,17.85069617374955,17.889389534490753,412350
2014-08-12,17.824901580810547,17.850697977270826,17.786208216160013,17.812004612620292,271500
2014-08-13,17.966779708862305,17.979676677345143,17.91518814481121,17.953881510339553,274300
2014-08-14,17.953880310058594,17.953880310058594,17.88939055179612,17.902288749456577,336600
2014-08-15,17.97967529296875,18.018369885557647,17.876492172811325,17.9538801279493,580900
2014-08-18,17.953880310058594,18.01837006832107,17.94098211239813,17.966778507719056,366550
2014-08-19,18.044164657592773,18.044164657592773,17.992573098637674,18.018369493135122,287000
2014-08-20,17.953880310058594,18.005471870660607,17.94098211239813,17.966778507719056,368950
2014-08-21,17.953880310058594,18.0312670359417,17.953880310058594,17.966778507719056,350750
2014-08-22,17.953880310058594,18.005471870660607,17.92808391473767,17.992573673000145,208250
2014-08-25,18.044164657592773,18.057062854841497,18.005471295886398,18.005471295886398,263850
2014-08-26,18.031267166137695,18.082859957152067,18.00547200067035,18.00547200067035,243550
2014-08-27,18.147354125976562,18.16025232773887,18.10866075072985,18.121558952492162,172600
2014-08-28,18.095760345458984,18.095760345458984,18.00547540419719,18.018373604388895,281500
2014-08-29,18.00547218322754,18.04416554684079,17.966778819614287,18.04416554684079,534700
2014-09-02,17.90228843688965,17.97967516142161,17.889390239454386,17.94098179915563,785300
2014-09-03,18.10865592956543,18.10865592956543,18.04416616796355,18.04416616796355,565050
2014-09-04,17.97967529296875,18.031266853047462,17.928083732890038,17.992573490498383,550800
2014-09-05,17.97967529296875,18.005471688028013,17.88939037034096,17.928083732890038,588400
2014-09-08,17.79910659790039,17.87649332799932,17.79910659790039,17.824901764586734,398950
2014-09-09,17.747512817382812,17.799104374350332,17.657226670159847,17.786206177598515,529850
2014-09-10,17.824901580810547,17.837799779040687,17.68302509039867,17.69592328862881,325200
2014-09-11,17.747512817382812,17.786206177598515,17.72171642387918,17.72171642387918,381800
2014-09-12,17.747512817382812,17.812002571102145,17.72171642387918,17.786206177598515,581800
2014-09-15,17.52825164794922,17.644332980193646,17.515353448802067,17.60563838275219,477100
2014-09-16,17.541149139404297,17.566944306617934,17.360578048749165,17.373476247375944,834100
2014-09-17,17.450862884521484,17.56694421145381,17.437965916004494,17.515352647266102,395250
2014-09-18,17.476661682128906,17.50245685274588,17.437968311183404,17.437968311183404,233300
2014-09-19,17.476661682128906,17.541151453731466,17.463763481800378,17.528253253402937,353350
2014-09-22,17.347679138183594,17.476658659078293,17.32188397202858,17.476658659078293,570950
2014-09-23,17.425065994262695,17.450861158785678,17.38637140241853,17.38637140241853,366050
2014-09-24,17.52825164794922,17.54114984709637,17.46376188225343,17.502455249654915,319850
2014-09-25,17.270296096801758,17.38637621434167,17.270296096801758,17.37347924353066,538550
2014-09-26,17.39927101135254,17.412169209680396,17.360577646408863,17.39927101135254,481450
2014-09-29,17.29608726501465,17.38637218999455,17.29608726501465,17.360577024303083,582550
2014-09-30,17.20580291748047,17.23159808403765,17.154211354326222,17.192904719181936,507100
2014-10-01,17.102619171142578,17.180005898048467,17.076822775480718,17.14131253459552,508700
2014-10-02,17.089723587036133,17.115519986643328,16.922050679709464,17.063927187428934,1028950
2014-10-03,17.063922882080078,17.128412634786812,17.051025915570513,17.115515668277244,647050
2014-10-06,17.12841796875,17.167112570447767,17.089724597092342,17.14131616931592,677800
2014-10-07,16.973642349243164,17.051030318482283,16.960744149363304,17.025233918722563,585500
2014-10-08,17.154212951660156,17.16711115115972,16.896255111868875,16.947846679827133,718650
2014-10-09,17.11551856994629,17.231598668450307,17.06392577500237,17.20580350101828,729850
2014-10-10,16.805967330932617,16.99943661472029,16.805967330932617,16.99943661472029,608450
2014-10-13,16.793071746826172,16.94784644858918,16.793071746826172,16.922050049942015,677400
2014-10-14,16.793071746826172,16.909151850618436,16.76727534817901,16.8575602833641,335400
2014-10-15,16.793071746826172,16.844663314080506,16.58670424776884,16.780173547502592,634400
2014-10-16,16.5996036529541,16.70278679495841,16.43193073968708,16.457727140208195,912850
2014-10-17,16.68988609313965,16.715682489794283,16.63829452987028,16.651192728197596,551900
2014-10-20,16.793071746826172,16.844663314080506,16.728581980248254,16.741478949531846,511350
2014-10-21,16.960742950439453,17.03813091420816,16.947845981511296,16.947845981511296,807150
2014-10-22,16.922048568725586,17.025231694202457,16.909150370531005,16.9865383296586,821300
2014-10-23,16.98653793334961,17.06392466063183,16.973639735455954,17.038129494884373,424400
2014-10-24,16.98653793334961,16.98653793334961,16.909149976027535,16.922048173921187,303600
2014-10-27,16.87045669555664,16.947844653260233,16.87045669555664,16.87045669555664,582600
2014-10-28,17.012331008911133,17.025229205220075,16.8833527359408,16.92204609482793,762850
2014-10-29,16.89625358581543,17.038130077376483,16.805967427513036,17.02523187904187,569250
2014-10-30,16.973642349243164,16.999438749002884,16.883357410164223,16.883357410164223,310900
2014-10-31,17.11551856994629,17.18000710354632,17.08972217247433,17.154211936114294,435450
2014-11-03,17.11551856994629,17.20580350101828,17.102620371210307,17.141313737378315,658800
2014-11-04,17.102619171142578,17.115517368973507,17.025231214196843,17.025231214196843,287450
2014-11-05,17.076818466186523,17.115513049914828,16.960737175080677,17.012328723345547,378200
2014-11-06,17.076818466186523,17.1542064036036,17.06392027161042,17.089716660762623,252300
2014-11-07,17.20580291748047,17.20580291748047,17.0768233945749,17.0768233945749,355800
2014-11-10,17.231603622436523,17.283195202172788,17.20580844758853,17.270298229768937,246450
2014-11-11,17.180007934570312,17.180007934570312,17.07682479977121,17.141314566530646,208400
2014-11-12,17.102619171142578,17.115517368973507,17.051027609858703,17.076822775480718,187350
2014-11-13,17.192903518676758,17.257393275626505,17.18000532127885,17.205801716074667,197850
2014-11-14,17.24449920654297,17.257397407028694,17.141316062737364,17.15421426322309,262050
2014-11-17,17.11551856994629,17.11551856994629,17.06392577500237,17.06392577500237,228550
2014-11-18,17.231603622436523,17.270298229768937,17.192910245144393,17.192910245144393,235800
2014-11-19,17.20580291748047,17.270292678933252,17.141313156027685,17.167109552624755,274950
2014-11-20,17.154212951660156,17.18000812061928,17.1026213837019,17.115519583201465,263700
2014-11-21,17.39927101135254,17.412169209680396,17.334781249753153,17.39927101135254,391250
2014-11-24,17.270296096801758,17.270296096801758,17.218704523437307,17.244499695099464,302300
2014-11-25,17.32188606262207,17.36057943154447,17.32188606262207,17.347681231890327,316900
2014-11-26,17.38637351989746,17.41216991760197,17.33478195452839,17.33478195452839,466000
2014-11-28,17.29608726501465,17.347678826437427,17.025231260035095,17.025231260035095,272350
2014-12-01,16.960742950439453,17.02523271524005,16.909151384606965,17.02523271524005,707550
2014-12-02,17.012331008911133,17.063922564107205,16.986535846332945,17.038127401529017,463600
2014-12-03,16.947845458984375,16.986538824655778,16.922049061843495,16.947845458984375,544050
2014-12-04,16.89625358581543,16.92204875244476,16.85755899081159,16.90915055411015,498900
2014-12-05,16.90915298461914,16.92205118480773,16.85756141390485,16.883357814282032,475050
2014-12-08,16.818864822387695,16.83176302010614,16.780171459272186,16.793069656990635,407250
2014-12-09,16.98653793334961,17.038129494884373,16.922048173921187,16.947844569708497,653800
2014-12-10,17.102619171142578,17.1929040958794,17.063924577649786,17.128414336764592,653250
2014-12-11,17.141315460205078,17.20580523032673,17.089723890115764,17.128417260172736,557800
2014-12-12,17.012331008911133,17.16710690453905,17.012331008911133,17.12841231561222,772250
2014-12-15,16.844663619995117,16.98654012501115,16.831765420437293,16.94784675637769,801500
2014-12-16,16.612499237060547,16.715682362815468,16.54800947595375,16.586702840601877,737600
2014-12-17,16.687458038330078,16.805809009127223,16.608558227191907,16.621708613744897,839900
2014-12-18,16.779502868652344,16.792653250015984,16.700601834559887,16.726902597287168,756450
2014-12-19,16.897855758666992,16.976755547849372,16.858404609986266,16.858404609986266,592600
2014-12-22,17.174009323120117,17.18715845329782,17.08195788733819,17.10825865587293,589700
2014-12-23,17.081958770751953,17.187159342152157,17.068808385804495,17.187159342152157,418200
2014-12-24,17.187158584594727,17.200308968962556,17.121409170934935,17.121409170934935,265700
2014-12-26,17.200305938720703,17.21345632077178,17.160856046656924,17.200305938720703,231300
2014-12-29,17.200305938720703,17.266056594886635,17.200305938720703,17.200305938720703,435350
2014-12-30,17.26605987548828,17.292359390497964,17.20030920682953,17.239759106388902,852600
2014-12-31,17.200305938720703,17.35810676106527,17.187155556669623,17.22660670282286,679050
2015-01-02,17.0556583404541,17.160858906213647,17.042507956211743,17.160858906213647,360650
2015-01-05,16.687458038330078,16.805809009127223,16.661158519313982,16.792659876664118,570500
2015-01-06,16.490201950073242,16.595402500465298,16.46390243951997,16.54280222526927,774950
2015-01-07,16.674306869506836,16.700606385311087,16.569106298110366,16.582255428967628,463150
2015-01-08,17.01620864868164,17.029359034053048,16.884708557236888,16.884708557236888,500950
2015-01-09,16.81895637512207,16.845257143504632,16.74005532406405,16.81895637512207,338000
2015-01-12,16.713756561279297,16.792657615884984,16.68745579171416,16.75320646153728,341100
2015-01-13,16.74005699157715,16.845258821497115,16.661157186749406,16.766357762579588,280500
2015-01-14,16.674306869506836,16.700606385311087,16.569106298110366,16.621706583808603,638800
2015-01-15,16.832107543945312,16.911007344591603,16.792657643622167,16.85840705946417,593250
2015-01-16,16.753204345703125,16.766354728824876,16.634853405786505,16.661154172030002,437350
2015-01-20,16.766353607177734,16.805803499814274,16.70060295005718,16.74005284269372,308000
2015-01-21,16.897855758666992,16.950456036151756,16.845255481182228,16.858404609986266,501200
2015-01-22,17.09510612487793,17.16085678386844,17.02935546588742,17.06880535964592,723800
2015-01-23,17.0556583404541,17.134558137728927,17.042507956211743,17.095108239091516,408700
2015-01-26,17.0030574798584,17.042507377155413,16.937306814970288,16.96360632847176,294250
2015-01-27,17.0030574798584,17.0030574798584,16.911006047379196,16.937306814970288,456450
2015-01-28,16.79265785217285,16.937308324547303,16.77950746720525,16.911007554612095,477950
2015-01-29,16.98990821838379,16.98990821838379,16.884707649249314,16.93730793381655,421750
2015-01-30,16.79265785217285,16.884708038766618,16.79265785217285,16.871557653799012,558900
2015-02-02,16.98990821838379,17.016207733622554,16.91100716448808,16.93730793381655,677750
2015-02-03,17.04250717163086,17.055657555267818,16.950456994351363,16.96360612389871,556400
2015-02-04,17.04250717163086,17.108257835726047,17.01620640435694,17.06880668481517,527550
2015-02-05,17.0556583404541,17.108258623333874,16.976757289089612,16.98990767333197,474050
2015-02-06,17.04250717163086,17.081957068452127,16.98990689117263,17.029356787993898,572900
2015-02-09,16.924158096313477,16.963607997491902,16.897858580224444,16.897858580224444,305100
2015-02-10,16.963603973388672,16.98990473732839,16.911003699598687,16.911003699598687,263700
2015-02-11,16.950458526611328,16.989908426998724,16.897858241398225,16.924157756959914,232500
2015-02-12,16.98990821838379,16.98990821838379,16.924157549152316,16.924157549152316,456200
2015-02-13,17.04250717163086,17.04250717163086,16.9373066107144,16.9373066107144,378550
2015-02-17,16.963603973388672,16.976754355358533,16.911003699598687,16.911003699598687,358700
2015-02-18,17.04250717163086,17.04250717163086,16.911005843440485,16.96360612389871,194450
2015-02-19,16.950458526611328,17.02935832738612,16.950458526611328,16.96360765734731,275900
2015-02-20,17.04250717163086,17.06880668481517,16.924156227077443,16.96360612389871,260350
2015-02-23,16.937307357788086,16.950457742005085,16.871556690792758,16.884707075009757,315400
2015-02-24,17.081958770751953,17.12140992559433,16.98990858429921,17.00305896924667,318750
2015-02-25,17.10825538635254,17.134554895771572,17.081954622844076,17.12140576810677,340550
2015-02-26,16.98990821838379,17.06880801818979,16.98990821838379,17.02935811828679,255050
2015-02-27,16.85840606689453,16.884706834954603,16.832106552924106,16.85840606689453,346200
2015-03-02,16.79265785217285,16.805806983050722,16.740056312302432,16.79265785217285,263200
2015-03-03,16.81895637512207,16.845257143504632,16.792656860829172,16.792656860829172,271600
2015-03-04,16.726905822753906,16.740054952563717,16.687454671055576,16.726905822753906,197200
2015-03-05,16.674306869506836,16.700606385311087,16.63485571466586,16.674306869506836,383500
2015-03-06,16.516502380371094,16.60855254657839,16.490201616260745,16.582251782468045,498150
2015-03-09,16.437599182128906,16.477049069021014,16.437599182128906,16.463899942783172,353400
2015-03-10,16.214054107666016,16.332405068962668,16.214054107666016,16.319254683465306,692750
2015-03-11,16.13515281677246,16.214052614310162,16.13515281677246,16.214052614310162,538950
2015-03-12,16.279802322387695,16.306101835320714,16.227202042432065,16.24035242594337,602400
2015-03-13,16.13515281677246,16.20090223002399,16.069402149431262,16.20090223002399,953350
2015-03-16,16.332399368286133,16.34554974919347,16.253498336931465,16.253498336931465,536550
2015-03-17,16.279802322387695,16.279802322387695,16.161451378965126,16.20090127540945,381000
2015-03-18,16.490201950073242,16.490201950073242,16.095699259058293,16.095699259058293,574150
2015-03-19,16.371850967407227,16.398151731969737,16.29295118189866,16.358700585125973,357650
2015-03-20,16.713756561279297,16.713756561279297,16.569106090940206,16.569106090940206,457250
2015-03-23,16.85840606689453,16.87155645092457,16.726905988863116,16.740055118803504,576750
2015-03-24,16.832107543945312,16.85840705946417,16.81895715914102,16.832107543945312,214950
2015-03-25,16.713756561279297,16.88470780118352,16.68745579171416,16.871557416400954,582000
2015-03-26,16.85840606689453,16.924156732955062,16.85840606689453,16.911006348925028,572100
2015-03-27,16.937307357788086,16.96360687213242,16.911006589354088,16.911006589354088,359800
2015-03-30,16.924158096313477,16.963607997491902,16.911007711224087,16.93730848140287,450500
2015-03-31,16.832107543945312,16.832107543945312,16.74005610440501,16.74005610440501,1013350
2015-04-01,16.950458526611328,16.989908426998724,16.897858241398225,16.911007372134208,564600
2015-04-02,17.147708892822266,17.174009661875786,17.068807839751393,17.081958224278154,390400
2015-04-06,17.187158584594727,17.2529092523442,17.174009454316575,17.213459353330386,283800
2015-04-07,17.081958770751953,17.17401021129443,17.081958770751953,17.16085982634697,210700
2015-04-08,17.27920913696289,17.27920913696289,17.160858191887385,17.23975798587798,1001300
2015-04-09,17.213455200195312,17.226605581390317,17.17400531069968,17.17400531069968,371450
2015-04-10,17.174009323120117,17.18715845329782,17.134558170318005,17.160858938852748,295600
2015-04-13,17.10825538635254,17.174006041034264,17.10825538635254,17.10825538635254,313350
2015-04-14,17.47646141052246,17.529061695831214,17.437011510063325,17.437011510063325,401650
2015-04-15,17.686859130859375,17.72630902368832,17.56850819828305,17.56850819828305,401200
2015-04-16,17.726308822631836,17.752609586945812,17.581658381173373,17.594808763330363,290300
2015-04-17,17.686859130859375,17.700009513165515,17.59480896289534,17.634258855724283,342100
2015-04-20,17.647409439086914,17.686859332365312,17.621108674174987,17.63425905663095,403750
2015-04-21,17.581661224365234,17.59481160864882,17.529060941320576,17.55536170988774,604350
2015-04-22,17.647409439086914,17.673708949909347,17.607959545808516,17.63425905663095,294750
2015-04-23,17.73946189880371,17.75261228295779,17.621110949596314,17.647411717904472,336900
2015-04-24,17.92356300354004,17.94986251700852,17.870962722513458,17.897262235981938,488650
2015-04-27,17.976160049438477,18.120810482706766,17.949859286613663,18.0156099395863,1046900
2015-04-28,18.107662200927734,18.107662200927734,18.00246039880544,18.015610780831906,309750
2015-04-29,18.055065155029297,18.147116597977085,18.055065155029297,18.068215540320374,541600
2015-04-30,17.98931121826172,18.055060620022882,17.976160836273706,18.04191149212432,450600
2015-05-01,18.002460479736328,18.04191162599309,17.989311351740202,18.015610861821916,311300
2015-05-04,17.92356300354004,17.92356300354004,17.792061673928774,17.85781233873441,820450
2015-05-05,17.778911590576172,17.85781138083904,17.752610824428846,17.831511868781266,523700
2015-05-06,17.752613067626953,17.857813637330157,17.726312298156294,17.84466325259483,360750
2015-05-07,17.673707962036133,17.7131591071989,17.63425807096279,17.647408452683713,660300
2015-05-08,17.844661712646484,17.9104123765593,17.79206143233415,17.79206143233415,502700
2015-05-11,17.726308822631836,17.818360243641283,17.726308822631836,17.7657599691028,532700
2015-05-12,17.634260177612305,17.647410560904216,17.54221000274806,17.59481028182614,470250
2015-05-13,17.778911590576172,17.818361485707605,17.752610824428846,17.778911590576172,376550
2015-05-14,17.92356300354004,17.96301290078757,17.91041261976099,17.93671338731909,282950
2015-05-15,17.949861526489258,17.949861526489258,17.805211075170746,17.805211075170746,352300
2015-05-18,17.778911590576172,17.88411214698636,17.778911590576172,17.88411214698636,452450
2015-05-19,17.686859130859375,17.752609788300607,17.647409238030427,17.72630902368832,387400
2015-05-20,17.634260177612305,17.68686045669038,17.581659898534227,17.62110979432039,222300
2015-05-21,17.686859130859375,17.700009513165515,17.581658580589195,17.634258855724283,237700
2015-05-22,17.660564422607422,17.673713554399605,17.59481374728723,17.64741403672542,256450
2015-05-26,17.344955444335938,17.476456749581512,17.30550555439802,17.450157240986034,509350
2015-05-27,17.213455200195312,17.226605581390317,17.029353625733393,17.13455416711467,616950
2015-05-28,17.160858154296875,17.17400853796304,17.05565759314678,17.0819571063895,636300
2015-05-29,16.937307357788086,17.003058024783414,16.937307357788086,16.96360687213242,365600
2015-06-01,16.845256805419922,16.91100621687741,16.81895603756522,16.85840593525764,503700
2015-06-02,16.81895637512207,16.845257143504632,16.713755809771147,16.74005532406405,456500
2015-06-03,16.88470458984375,16.911004100317207,16.76635365748951,16.832104314807363,507350
2015-06-04,16.779502868652344,16.845253521381157,16.75320210592506,16.792653250015984,365350
2015-06-05,16.60855484008789,16.648004737611668,16.516504661169193,16.60855484008789,460350
2015-06-08,16.542802810668945,16.555953193455675,16.51650329918501,16.542802810668945,360900
2015-06-09,16.582252502441406,16.621703650319827,16.542802608652494,16.621703650319827,262450
2015-06-10,16.897855758666992,16.924155270364608,16.805804332501502,16.805804332501502,367000
2015-06-11,16.937307357788086,16.950457742005085,16.884707075009757,16.911006589354088,360200
2015-06-12,16.976757049560547,17.01620694764135,16.911006383366107,16.924156767422925,443550
2015-06-15,16.779502868652344,16.792653250015984,16.687451453196246,16.726902597287168,326150
2015-06-16,16.832107543945312,16.871557444268458,16.76635687401359,16.81895715914102,328500
2015-06-17,17.0556583404541,17.068807470606796,16.792656926055244,16.845257208935013,345750
2015-06-18,17.04250717163086,17.09510745208909,16.96360612389871,17.00305727480959,363650
2015-06-19,16.88470458984375,16.989905139916527,16.88470458984375,16.97675475763506,405600
2015-06-22,17.01620864868164,17.081959321448903,16.9899091320286,17.029359034053048,188450
2015-06-23,17.029356002807617,17.04250638583824,16.989906107805297,17.00305649083592,156950
2015-06-24,17.0030574798584,17.08195727445243,17.0030574798584,17.02935699335987,202700
2015-06-25,17.0030574798584,17.05640035441363,16.98972144327098,17.02972955303324,136800
2015-06-26,16.76301383972168,16.843028787123625,16.74967907498339,16.803021949319874,170300
2015-06-29,16.522968292236328,16.65632481595877,16.522968292236328,16.57631115608414,345300
2015-06-30,16.76301383972168,16.869699588394646,16.74967907498339,16.843028787123625,449400
2015-07-01,16.789684295654297,16.856363200101196,16.76301222515781,16.856363200101196,495250
2015-07-02,16.843029022216797,16.88303586057896,16.803022183854637,16.829692985497925,148800
2015-07-06,16.843029022216797,16.923042698941124,16.736343272054725,16.776350110416885,309800
2015-07-07,16.776350021362305,16.80302209465847,16.61632139696868,16.76301398471422,955050
2015-07-08,16.5096378326416,16.629659634771905,16.49630179422832,16.629659634771905,535400
2015-07-09,16.49629783630371,16.642990408270293,16.49629783630371,16.642990408270293,241400
2015-07-10,16.696334838867188,16.709669602517874,16.61631989799139,16.61631989799139,340000
2015-07-13,16.776350021362305,16.776350021362305,16.69633634506272,16.69633634506272,285500
2015-07-14,16.723005294799805,16.749677365142528,16.66966242590867,16.66966242590867,238800
2015-07-15,16.669662475585938,16.709669309424935,16.642990405163726,16.65632644037483,287050
2015-07-16,16.829692840576172,16.84302887718021,16.74967916454085,16.74967916454085,302250
2015-07-17,16.789684295654297,16.829691129604708,16.789684295654297,16.816355094356464,171800
2015-07-20,16.843029022216797,16.856365058935673,16.776350110416885,16.78968614713576,349250
2015-07-21,16.843029022216797,16.88303586057896,16.81635694877905,16.856365058935673,96900
2015-07-22,16.723005294799805,16.77634816369094,16.70966925962844,16.763012128519577,203050
2015-07-23,16.683000564575195,16.78968631580906,16.65632849086949,16.73634344019213,321550
2015-07-24,16.629657745361328,16.69633665805727,16.589649634667076,16.642992510464936,364800
2015-07-27,16.38961410522461,16.469629054510335,16.37627806837791,16.442956980816938,487650
2015-07-28,16.42962074279785,16.42962074279785,16.32293499291951,16.376277867858683,269900
2015-07-29,16.482967376708984,16.509639456158414,16.389617642225467,16.402953681950184,285250
2015-07-30,16.189579010009766,16.242921886822213,16.122900096045576,16.242921886822213,634550
2015-07-31,16.05621910095215,16.12289800627374,16.029548301900114,16.05621910095215,1736950
2015-08-03,15.86952018737793,15.936199100123783,15.82951334844821,15.896192261194063,522650
2015-08-04,15.882855415344238,15.949534324694017,15.856184614680977,15.909527487801917,364500
2015-08-05,15.789502143859863,15.86951579959623,15.776166110639094,15.829508971728048,404050
2015-08-06,15.74950122833252,15.802844109446317,15.709493113651218,15.802844109446317,353100
2015-08-07,15.74950122833252,15.762835994765016,15.682822308991621,15.709493113651218,366000
2015-08-10,15.909527778625488,15.909527778625488,15.736163119864752,15.749499156337372,503900
2015-08-11,15.256075859069824,15.32275476910467,15.189398220829409,15.242741094498397,1133250
2015-08-12,14.922679901123047,14.96268800303662,14.762651308851355,14.856002274855491,621700
2015-08-13,15.042704582214355,15.10938349321472,15.016033780890876,15.016033780890876,600850
2015-08-14,15.136054992675781,15.176061829041961,15.069376084202549,15.136054992675781,505350
2015-08-17,14.88267707824707,14.896013115809062,14.802663396464194,14.842670237355632,431100
2015-08-18,14.802663803100586,14.869341449153135,14.789327765172246,14.856006683019372,502200
2015-08-19,14.695977210998535,14.802662964794266,14.615962259754486,14.775990890448082,692450
2015-08-20,14.469269752502441,14.602626309644949,14.469269752502443,14.549283432429043,519450
2015-08-21,14.122542381286621,14.349249958972207,14.082535535752307,14.33591391986254,720700
2015-08-24,13.575776100158691,13.66912582074071,13.109024953659477,13.269053591140606,1518850
2015-08-25,13.93583869934082,14.669304161789164,13.93583869934082,14.242561174965875,1307900
2015-08-26,14.162546157836914,14.162546157836914,13.909167828633054,14.0958672485324,1022150
2015-08-27,14.469269752502441,14.53594739517644,14.375918763528725,14.402590838033934,1010150
2015-08-28,14.38925838470459,14.415930465852995,14.322579453628402,14.36258757535101,685750
2015-08-31,14.109201431274414,14.149208262883796,14.015851733587775,14.095865396806538,714450
2015-09-01,13.802480697631836,13.895830398215537,13.749137829899109,13.86915832845203,476950
2015-09-02,13.989179611206055,13.989179611206055,13.869157845042208,13.935836745332594,456650
2015-09-03,14.002518653869629,14.12254044581849,13.975846579305651,14.029190728433603,582150
2015-09-04,13.68246078491211,13.775810498169626,13.642452674835065,13.74913969657939,405600
2015-09-08,13.989179611206055,13.989179611206055,13.89582991387606,13.935836745332594,270100
2015-09-09,14.095870018005371,14.295906785220954,14.069199212120092,14.229227862815758,452700
2015-09-10,14.029190063476562,14.082532938281648,13.962511152021591,13.962511152021591,803000
2015-09-11,14.082530975341797,14.109201773129515,13.962509205811369,13.962509205811369,266850
2015-09-14,13.989179611206055,14.029187714456832,13.962508814166446,14.029187714456832,209100
2015-09-15,14.082530975341797,14.095865738338517,13.962509205811369,14.002516038390086,502050
2015-09-16,14.25589370727539,14.25589370727539,14.135873214869923,14.135873214869923,487650
2015-09-17,14.295904159545898,14.562618528385585,14.269232086764715,14.30923892414206,590600
2015-09-18,14.095870018005371,14.229227862815758,14.02919236739484,14.202555785135816,589950
2015-09-21,14.069198608398438,14.149212294415483,14.055862570130728,14.09586941313925,408550
2015-09-22,13.895831108093262,13.89583110809326,13.802481402740728,13.869159036967194,430150
2015-09-23,13.695796012878418,13.775809684718842,13.642451869258956,13.749138884703497,413250
2015-09-24,13.68246078491211,13.695796821604457,13.495760086602614,13.589109799860132,565200
2015-09-25,13.589110374450684,13.709132166167798,13.535767497220245,13.709132166167798,776650
2015-09-28,13.295724868774414,13.415746657631688,13.24238199281501,13.402410620693217,856400
2015-09-29,13.38907527923584,13.469090233228474,13.362404475767994,13.38907527923584,955950
2015-09-30,13.562440872192383,13.562440872192383,13.442419068966757,13.509097989847064,640750
2015-10-01,13.482422828674316,13.50909489964306,13.362402324698001,13.495758864158688,692550
2015-10-02,13.509096145629883,13.522432182344279,13.269052571948585,13.295724645377378,1429400
2015-10-05,13.922502517700195,13.975845390496197,13.829152808255797,13.829152808255797,783300
2015-10-06,14.055856704711914,14.122535596431183,14.029185911100653,14.055856704711914,668600
2015-10-07,14.562615394592285,14.66930111916999,14.522608565824186,14.522608565824186,1011650
2015-10-08,14.60262393951416,14.61595997460221,14.41592453545866,14.429259298752406,457150
2015-10-09,14.896012306213379,14.989362020484707,14.856005467496306,14.936019144930452,615150
2015-10-12,14.962691307067871,15.042704984975076,14.962691307067871,15.042704984975076,329900
2015-10-13,14.73598575592041,14.815999444628861,14.682642872849893,14.709313678487826,416100
2015-10-14,14.949352264404297,14.989359095314045,14.896009399259894,14.90934543349455,476550
2015-10-15,15.17605972290039,15.202730519511658,15.082710027069623,15.096044789478146,456900
2015-10-16,15.17605972290039,15.2160665537144,15.149387654494902,15.202730519511658,463150
2015-10-19,15.082712173461914,15.109382973868652,15.042704065160203,15.109382973868652,842300
2015-10-20,15.082712173461914,15.096046937768083,15.029369300854036,15.056040101260773,204000
2015-10-21,14.962691307067871,15.069377058807131,14.962691307067871,15.069377058807131,348600
2015-10-22,15.229403495788574,15.269410328987513,15.109381724397453,15.109381724397453,345100
2015-10-23,15.296082496643066,15.362761400263219,15.26941042647728,15.322753295014543,258150
2015-10-26,15.336091041564941,15.37609787948397,15.322755004993782,15.362763114707258,434200
2015-10-27,15.109383583068848,15.13605565634539,15.05604070831022,15.13605565634539,478550
2015-10-28,15.042704582214355,15.176062404215083,14.882675958890148,15.06937665533228,756250
2015-10-29,14.856005668640137,14.869340433863393,14.749319916087149,14.802662792363643,643100
2015-10-30,14.829334259033203,14.869341100084458,14.802663455597216,14.869341100084458,706250
2015-11-02,14.856005668640137,14.856005668640137,14.749319916087149,14.789326755345897,354550
2015-11-03,15.02936840057373,15.069375234684573,14.88267455584343,14.909346626446876,480750
2015-11-04,15.02936840057373,15.136054139398862,14.936017425255995,15.109382068795416,565350
2015-11-05,14.949352264404297,14.962688298638955,14.856002568350146,14.922680195934984,420950
2015-11-06,14.762654304504395,14.762654304504395,14.61596171643688,14.64263251799713,346100
2015-11-09,14.442599296569824,14.509278218510996,14.402592452122983,14.469271374064155,1132000
2015-11-10,14.402586936950684,14.442593766077739,14.335908040542813,14.41592297059109,589100
2015-11-11,14.442599296569824,14.549285062957837,14.442599296569824,14.49594217976383,349100
2015-11-12,14.269233703613281,14.309240545523807,14.229226861702756,14.269233703613281,456450
2015-11-13,14.055856704711914,14.135871629133852,14.015849878397983,14.135871629133852,365750
2015-11-16,14.229226112365723,14.269232952169414,14.135876395558938,14.135876395558938,499400
2015-11-17,14.189218521118164,14.215889322310003,14.149210411638746,14.149210411638746,477400
2015-11-18,14.095870018005371,14.095870018005371,13.935841367309703,13.989184250874926,672900
2015-11-19,14.282567977905273,14.349246887385695,14.269231941650306,14.32257481487576,577450
2015-11-20,14.335911750793457,14.34924778788534,14.269232837128541,14.269232837128541,559350
2015-11-23,14.162546157836914,14.1758821940567,14.109203284752185,14.109203284752185,353850
2015-11-24,14.3492431640625,14.402586023446618,14.282564271883832,14.282564271883832,889350
2015-11-25,14.229226112365723,14.269232952169414,14.135876395558938,14.17588323536263,555600
2015-11-27,13.93583869934082,13.93583869934082,13.895831862274743,13.895831862274743,618450
2015-11-30,14.015853881835938,14.069196756089204,13.975845772300158,14.002517845324011,651200
2015-12-01,14.202552795410156,14.202552795410156,14.095867050737724,14.095867050737724,741850
2015-12-02,14.029190063476562,14.122539776436849,13.989181953526908,14.082532938281648,1100150
2015-12-03,14.13587474822998,14.242560489803505,14.10920267693942,14.189217619016743,818200
2015-12-04,14.30923843383789,14.349246541638793,14.18921792581834,14.18921792581834,846900
2015-12-07,14.202552795410156,14.295903775844332,14.1892180311719,14.282567739811679,347800
2015-12-08,14.109201431274414,14.12253746574229,13.975843630184146,14.002515699119899,800150
2015-12-09,14.042522430419922,14.189216264930197,14.015851633468934,14.082530533537764,606450
2015-12-10,14.069198608398438,14.10920545140696,14.029191765389916,14.069198608398438,442050
2015-12-11,13.815816879272461,13.84248895177455,13.735803205355026,13.775810042313744,1231450
2015-12-14,13.842490196228027,13.84249019622803,13.69579759966198,13.775811280772722,1014900
2015-12-15,13.975847244262695,14.002519320095702,13.93584040230776,13.962512478140766,595300
2015-12-16,14.082530975341797,14.202551473077946,13.94917317102037,13.989180003599087,991400
2015-12-17,13.909167289733887,14.055859867084806,13.855824418715883,14.055859867084806,1372400
2015-12-18,13.855826377868652,13.949176097400807,13.855826377868652,13.909169256429104,524200
2015-12-21,14.022563934326172,14.090900275034475,13.95422759361787,14.049897688565121,980250
2015-12-22,14.104569435119629,14.118236966786483,14.03623438360047,14.090903206860332,900050
2015-12-23,14.213906288146973,14.227573819050837,14.118236178634898,14.118236178634898,493600
2015-12-24,14.200238227844238,14.254907040996176,14.172903169564611,14.172903169564611,227800
2015-12-28,14.159236907958984,14.227573256368201,14.118235620276428,14.213905726004871,357500
2015-12-29,14.213906288146973,14.254908880858565,14.200240060650595,14.200240060650595,420050
2015-12-30,14.131903648376465,14.159237406658406,14.09090235924981,14.10456858668704,557250
2015-12-31,14.049898147583008,14.13190201979354,14.036231921720695,14.118234490523896,553850
2016-01-04,13.735552787780762,13.735552787780762,13.612547631231715,13.66721644487492,932100
2016-01-05,13.790223121643066,13.831224410543575,13.749221832742556,13.776555590873738,453500
2016-01-06,13.516876220703125,13.544209973166923,13.434872356497324,13.503208692767625,773550
2016-01-07,13.147862434387207,13.257200064757413,13.038524804017001,13.093193619202104,945000
2016-01-08,13.093194961547852,13.18886507207827,13.065861202856661,13.18886507207827,1309400
2016-01-11,13.106863021850586,13.13419678164551,12.970190312653306,13.120530553451824,888450
2016-01-12,13.079524993896484,13.161528861508447,13.011189958194981,13.161528861508447,812050
2016-01-13,12.806180953979492,13.03852372514279,12.751512143317967,12.997522442998461,1128000
2016-01-14,12.888187408447266,12.915521167560524,12.655844590650734,12.71051341228477,1442950
2016-01-15,12.49183464050293,12.587504725818475,12.409830779227349,12.53283591943714,1378100
2016-01-19,12.669511795043945,12.765181904583386,12.601175443912565,12.751514373675613,1459950
2016-01-20,12.300495147705078,12.423500307727307,12.177489987682849,12.368831492540469,3478000
2016-01-21,12.3414945602417,12.464499701596106,12.218489418887291,12.273158225777342,1292650
2016-01-22,12.628508567810059,12.628508567810059,12.546505993298554,12.57383975033325,721000
2016-01-25,12.46450138092041,12.614840294271202,12.46450138092041,12.573839009431412,974200
2016-01-26,12.601176261901855,12.601176261901855,12.478171082562143,12.478171082562143,524900
2016-01-27,12.382497787475586,12.5465042166823,12.355162730904182,12.423499068925455,846150
2016-01-28,12.437166213989258,12.51916877436228,12.341494822344467,12.50550124649771,876250
2016-01-29,12.833516120910645,12.833516120910645,12.737844723878272,12.792513535007942,625700
2016-02-01,12.683177947998047,12.69684547882549,12.56017277736603,12.628509128095759,1321850
2016-02-02,12.355161666870117,12.50550055484385,12.34149413976147,12.50550055484385,852800
2016-02-03,12.49183464050293,12.546503446884264,12.19115555370201,12.368829500293137,1690900
2016-02-04,12.751514434814453,12.847184544812597,12.683178083355426,12.737846903841149,695100
2016-02-05,12.888187408447266,13.065861404609763,12.888187408447267,13.052193873349374,822950
2016-02-08,12.833516120910645,12.860849874771844,12.710510970017072,12.84718234613761,645200
2016-02-09,12.628508567810059,12.833517610903666,12.532838463077496,12.724179975950044,985800
2016-02-10,12.833516120910645,12.970187497031182,12.806181063642176,12.860849874771844,745300
2016-02-11,12.683177947998047,12.77884936038266,12.628509128095759,12.669511720578084,1798300
2016-02-12,12.847184181213379,12.847184181213379,12.71051278557087,12.751514073922877,482700
2016-02-16,13.216198921203613,13.229866450998562,13.147862575636248,13.216198921203613,830050
2016-02-17,13.229866027832031,13.243532253782476,13.065859585760643,13.093193341068872,493000
2016-02-18,13.243534088134766,13.366539262577499,13.243534088134766,13.339205503483292,676350
2016-02-19,13.188864707946777,13.243533527227306,13.134195888666246,13.161530950010244,1084900
2016-02-22,13.421207427978516,13.43487495856114,13.28453603237463,13.298202259549798,463600
2016-02-23,13.270869255065918,13.325538077092046,13.229867964398204,13.325538077092046,635700
2016-02-24,13.079524993896484,13.106860050902892,12.860849751474259,12.874517279977463,830600
2016-02-25,13.093194961547852,13.120530023646543,12.98385731996809,13.038526140757972,557100
2016-02-26,13.093194961547852,13.24353389286815,13.079527430498507,13.21620013417696,312400
2016-02-29,13.25719928741455,13.366536911373686,13.243531758567835,13.325535628240832,845200
2016-03-01,13.530546188354492,13.530546188354492,13.33920595795347,13.366539717978945,418800
2016-03-02,13.708218574523926,13.708218574523924,13.530544593376039,13.530544593376039,1065000
2016-03-03,14.06356430053711,14.104565580926163,13.995227964283883,14.036230548080141,1000750
2016-03-04,14.50091552734375,14.569251867179636,14.39157790496924,14.39157790496924,868950
2016-03-07,14.446248054504395,14.446248054504395,14.295909135663372,14.295909135663372,632650
2016-03-08,14.11823558807373,14.200239466659234,14.063566770152539,14.11823558807373,583300
2016-03-09,14.282240867614746,14.364244739458254,14.227572054188183,14.227572054188183,680700
2016-03-10,14.25490951538086,14.309578338022277,14.131904338585782,14.241241983868619,691450
2016-03-11,14.528250694274902,14.555584448371162,14.418913071075306,14.473581882675104,706300
2016-03-14,14.487250328063965,14.555585369331947,14.473582798447422,14.500916554273143,322200
2016-03-15,14.40524959564209,14.40524959564209,14.350580768659691,14.391582063044577,494300
2016-03-16,14.65125560760498,14.705924418314401,14.350576496999528,14.377911554057869,1164650
2016-03-17,15.047609329223633,15.061276861856552,14.828934020727537,14.883602847851561,707450
2016-03-18,15.047609329223633,15.184280745329866,15.047609329223633,15.15694698347168,822450
2016-03-21,14.96560001373291,14.992935069093315,14.910931206419283,14.965600013732912,1618600
2016-03-22,14.951932907104492,14.951932907104492,14.89726409825137,14.938266682446622,620550
2016-03-23,14.746928215026855,14.883600916808414,14.746928215026855,14.883600916808414,487300
2016-03-24,14.637591361999512,14.63759136199951,14.514586184463855,14.596590070623476,578000
2016-03-28,14.541919708251953,14.541919708251953,14.500917117808882,14.528252178104262,373200
2016-03-29,14.719593048095703,14.760594333343482,14.44624767069089,14.473582729794314,640250
2016-03-30,14.979269027709961,15.102274182222432,14.965601498673617,15.006602782375339,565000
2016-03-31,14.842598915100098,14.938270331518774,14.815265155700143,14.910935268711286,487950
2016-04-01,14.815261840820312,14.82892936916598,14.596586600918606,14.637587882548365,3084750
2016-04-04,14.678590774536133,14.787928406482193,14.664923244691028,14.787928406482193,680950
2016-04-05,14.432581901550293,14.487250718080857,14.391579311596821,14.473583188096367,749250
2016-04-06,14.678590774536133,14.692258304381236,14.487250570334218,14.500916796771937,798200
2016-04-07,14.487250328063965,14.58292042856503,14.44624773921434,14.541919143122769,919900
2016-04-08,14.541919708251953,14.664923569358924,14.514584647956573,14.664923569358924,482650
2016-04-11,14.678590774536133,14.746927120354266,14.637589488408205,14.678590774536131,579500
2016-04-12,14.787930488586426,14.801598020355884,14.610256485806168,14.651259081114546,774450
2016-04-13,15.102274894714355,15.143276180350426,15.047606079397138,15.074939835352062,1125100
2016-04-14,15.061273574829102,15.102274860371935,15.047606045179034,15.088607330721867,703950
2016-04-15,15.102274894714355,15.143276180350426,15.088607365033209,15.12960865066928,488350
2016-04-18,15.225281715393066,15.238947943157187,15.061275251556012,15.061275251556012,1158450
2016-04-19,15.539626121520996,15.59429493931585,15.47128977342557,15.47128977342557,718000
2016-04-20,15.471291542053223,15.539627897960639,15.443957781734804,15.484959073916222,574550
2016-04-21,15.32094955444336,15.443954709929443,15.26628074127258,15.443954709929443,927100
2016-04-22,15.238946914672852,15.334618323009854,15.197945627332663,15.293615732262243,582550
2016-04-25,15.129606246948242,15.170608829477384,15.088604967826262,15.170608829477384,609300
2016-04-26,15.115943908691406,15.143277667330343,15.061275088006036,15.10227637766819,408450
2016-04-27,15.088607788085938,15.156944135000309,15.00660391110721,15.061274031364631,672350
2016-04-28,15.00660514831543,15.115944094437236,14.979271389340614,15.00660514831543,706650
2016-04-29,14.8562650680542,14.938268945460342,14.760594963919878,14.897266355053564,1072800
2016-05-02,14.89726734161377,14.910934872654485,14.787929700103055,14.815264762184484,683350
2016-05-03,14.541919708251953,14.664923569358924,14.528252178104262,14.664923569358924,1052550
2016-05-04,14.282240867614746,14.418913552884819,14.254907112605128,14.377912268666726,765950
2016-05-05,14.29591178894043,14.377915680241726,14.268576724037453,14.35058061533875,797850
2016-05-06,14.22757339477539,14.25490845576797,14.145570818612548,14.2139058642791,867350
2016-05-09,14.11823558807373,14.241240754248269,14.11823558807373,14.213905693583957,510400
2016-05-10,14.145570755004883,14.145570755004883,14.036233118341116,14.049899345368505,650850
2016-05-11,14.07723331451416,14.131902128606344,14.049898255764399,14.049898255764399,271450
2016-05-12,14.06356430053711,14.186569445111475,14.049896772605024,14.159234389247304,361950
2016-05-13,13.96789264678955,14.090897777581763,13.954225120388847,14.049895198379653,462650
2016-05-16,14.07723331451416,14.118234599231464,13.981561912297336,13.981561912297336,442300
2016-05-17,14.131903648376465,14.254908819163907,14.10456858668704,14.18657246834783,723950
2016-05-18,14.036231994628906,14.172903377813261,13.98156187726636,14.036231994628908,852650
2016-05-19,13.872224807739258,13.9132273974116,13.817555991583525,13.9132273974116,949600
2016-05-20,14.022563934326172,14.090900275034475,14.022563934326174,14.077232746211356,461200
2016-05-23,14.022563934326172,14.06356521738824,14.008896405503055,14.022563934326174,360500
2016-05-24,14.06356430053711,14.104565580926163,13.940559155962744,13.967894211826914,842000
2016-05-25,14.159236907958984,14.186571968685644,14.077234332593871,14.077234332593871,765900
2016-05-26,14.200238227844238,14.22757198271655,14.159235640424798,14.200238227844238,378000
2016-05-27,14.25490951538086,14.350579629151454,14.241241983868619,14.309578338022277,320600
2016-05-31,14.241239547729492,14.254907076903734,14.186570734439847,14.213904489381008,538100
2016-06-01,14.213906288146973,14.227573819050837,14.145571240442626,14.172904998842867,592400
2016-06-02,14.268572807312012,14.282240336011762,14.17290271322832,14.186570241928068,594150
2016-06-03,14.5145845413208,14.52825207136808,14.418914437804666,14.418914437804666,321250
2016-06-06,14.719593048095703,14.74692680379177,14.59658788894501,14.59658788894501,516000
2016-06-07,14.815261840820312,14.82892936916598,14.760593030844886,14.760593030844886,352150
2016-06-08,14.93826675415039,14.979268035135233,14.910931697889012,14.924599226019701,328000
2016-06-09,14.815261840820312,14.815261840820312,14.719591749215127,14.760593030844886,463400
2016-06-10,14.432581901550293,14.569253291173004,14.405246841581311,14.555585761188514,552600
2016-06-13,14.268572807312012,14.418913016194704,14.268572807312012,14.295907864711511,742600
2016-06-14,14.241239547729492,14.336909645134542,14.186570734439847,14.268573302670655,979250
2016-06-15,14.336909294128418,14.418913163758873,14.295908011016838,14.295908011016838,675350
2016-06-16,14.323241233825684,14.350576290490666,14.077232240877054,14.186569860722498,677850
2016-06-17,14.323241233825684,14.336908762158174,14.22757114231273,14.282239952235452,494200
2016-06-20,14.623922348022461,14.678591165451413,14.596588591011695,14.623922348022461,644950
2016-06-21,14.582923889160156,14.637592717192124,14.514587528268276,14.569256356300246,930500
2016-06-22,14.684669494628906,14.739668202758606,14.643419480077155,14.670919489778322,692500
2016-06-23,14.86341381072998,14.86341381072998,14.684667703294942,14.725916401542266,569400
2016-06-24,14.120931625366211,14.423423847667706,14.10718162127817,14.148430322269729,1137550
2016-06-27,13.900936126708984,14.010933541876549,13.79093871154142,14.010933541876549,961900
2016-06-28,14.368424415588379,14.382174418980709,14.25842701099473,14.313425713291554,684250
2016-06-29,14.698418617248535,14.73966863300436,14.657169912765383,14.684669923269267,589150
2016-06-30,14.94591236114502,14.959662365379874,14.808416252614197,14.822164945576477,708250
2016-07-01,15.014660835266113,15.014660835266113,14.932162122425067,14.945912126444,610700
2016-07-05,14.890917778015137,14.9184177940982,14.849669065163479,14.9184177940982,443850
2016-07-06,14.835915565490723,14.849665570296194,14.615920733693727,14.657169436837506,567300
2016-07-07,14.849664688110352,14.945912093485534,14.808415987417067,14.890913388803636,626400
2016-07-08,15.055907249450684,15.055907249450685,14.904661162030417,14.918411163961084,442450
2016-07-11,15.042157173156738,15.055907175019431,14.987158476978323,14.987158476978323,333100
2016-07-12,15.220903396606445,15.248403400572215,15.138406007253852,15.165904699947262,422950
2016-07-13,15.220903396606445,15.248403400572215,15.165904699947262,15.23465339858933,486000
2016-07-14,15.385900497436523,15.440899197709117,15.358401802936452,15.399650500322783,629000
2016-07-15,15.303404808044434,15.303404808044434,15.234656097224363,15.275904799207368,1454700
2016-07-18,15.344651222229004,15.358401224597491,15.234653825825903,15.234653825825903,374850
2016-07-19,15.138411521911621,15.207160245597642,15.124661514919849,15.179660231614097,501800
2016-07-20,15.207158088684082,15.234656787494497,15.124659369707528,15.179658078601014,467950
2016-07-21,15.138411521911621,15.179660231614097,15.110911507928076,15.124661514919849,399100
2016-07-22,15.16590690612793,15.207156918077217,15.124658205451198,15.19340691409412,462500
2016-07-25,14.987161636352539,15.055910348886247,14.973412942863899,15.02841165063634,307700
2016-07-26,15.055907249450684,15.124655947831663,15.01465855493104,15.09715594397033,476200
2016-07-27,15.179656982421875,15.207156990519067,15.0146608676564,15.165906978373279,461200
2016-07-28,15.055907249450684,15.055907249450685,14.987158551069706,14.987158551069706,467000
2016-07-29,15.014660835266113,15.042159532031427,14.877163417621887,14.877163417621887,1371000
2016-08-01,15.055907249450684,15.110905945900997,15.01465855493104,15.055907249450685,734500
2016-08-02,14.890917778015137,14.987165211759983,14.835919057121947,14.959666506949858,450000
2016-08-03,14.890917778015137,14.904667786056669,14.79467034427029,14.79467034427029,635600
2016-08-04,14.904661178588867,14.95965987510028,14.877161174696981,14.890911176642923,351100
2016-08-05,14.904661178588867,14.91841118053481,14.808413787511984,14.877161174696981,434700
2016-08-08,15.028409004211426,15.042157695278991,14.987158997191537,14.987158997191537,301550
2016-08-09,15.069659233093262,15.13840794051493,15.042159225615581,15.110907933037252,769200
2016-08-10,15.055907249450684,15.08340725331202,15.01465855493104,15.069657251381352,401450
2016-08-11,15.1521577835083,15.165906475828754,15.05590906963003,15.083409076815968,347900
2016-08-12,14.987161636352539,15.02841165063634,14.9321629285801,15.02841165063634,300400
2016-08-15,15.12466049194336,15.165909198855926,15.028413072056455,15.028413072056455,433650
2016-08-16,15.042157173156738,15.12465587306054,15.028408482566398,15.097155869335156,397150
2016-08-17,14.973411560058594,15.014660259260422,14.835914147689165,14.95966155656715,606200
2016-08-18,15.055907249450684,15.055907249450685,14.932159854619394,14.932159854619394,465550
2016-08-19,14.94591236114502,14.987161062577009,14.87716365124332,14.890913655478176,396950
2016-08-22,14.822165489196777,14.877164196880765,14.780916786251945,14.83591549393593,368250
2016-08-23,14.877165794372559,14.959664520393462,14.863417099429713,14.94591451417785,374000
2016-08-24,14.94591236114502,15.028411075281573,14.94591236114502,14.97341236961473,515550
2016-08-25,15.069659233093262,15.110907933037252,15.028410533149271,15.028410533149271,622350
2016-08-26,14.822165489196777,15.069660329411027,14.753416776773639,14.93216290456475,908000
2016-08-29,14.808415412902832,14.80841541290283,14.684668004351387,14.712166699989206,399400
2016-08-30,14.657166481018066,14.712165177876072,14.58841778212747,14.67091648305066,366750
2016-08-31,14.560920715332031,14.615919418331664,14.547170711763997,14.615919418331664,692150
2016-09-01,14.629671096801758,14.629671096801758,14.50592367306703,14.50592367306703,498550
2016-09-02,14.629671096801758,14.657169795813552,14.56092238236328,14.588421081375074,592850
2016-09-06,15.262155532836914,15.262155532836914,15.083409415927216,15.083409415927216,634100
2016-09-07,15.207158088684082,15.248406792536032,15.165908073559478,15.234656787494497,376750
2016-09-08,15.110909461975098,15.207158186612995,15.083410762987599,15.165908171222755,474600
2016-09-09,14.75341510772705,14.877162513834694,14.753415107727053,14.877162513834694,1498050
2016-09-12,14.794665336608887,14.835914035498787,14.574670527499423,14.574670527499423,648250
2016-09-13,14.437172889709473,14.629669000297023,14.395924191466595,14.615918997125238,807750
2016-09-14,14.492176055908203,14.602173492625798,14.464677352365245,14.464677352365245,562150
2016-09-15,14.657166481018066,14.67091648305066,14.478420388411461,14.505920392476646,426750
2016-09-16,14.574671745300293,14.602170443100409,14.505923033891097,14.58842043856405,379700
2016-09-19,14.698418617248535,14.753417326983628,14.657169912765383,14.684669923269267,454100
2016-09-20,14.739665985107422,14.767164679398647,14.698415976761925,14.767164679398647,551850
2016-09-21,15.014660835266113,15.014660835266113,14.76716600801553,14.780916012034462,410250
2016-09-22,14.94591236114502,14.97341236961473,14.890913655478176,14.918413663947886,380800
2016-09-23,14.767166137695312,14.835914847121153,14.753416133555632,14.794666145974675,331300
2016-09-26,14.712167739868164,14.808416459584798,14.712167739868164,14.780916450730732,420750
2016-09-27,14.835915565490723,14.835915565490723,14.712168144786755,14.767166852736004,429200
2016-09-28,14.904661178588867,14.904661178588867,14.739665089054627,14.79466378556604,318950
2016-09-29,14.822165489196777,14.973412918782207,14.794666790991098,14.904664206359069,813550
2016-09-30,14.932164192199707,15.000912910551207,14.863416785120947,14.863416785120947,616050
2016-10-03,14.86341381072998,14.890912505804039,14.780915102962856,14.82216380121018,660400
2016-10-04,14.725919723510742,14.835917151165855,14.698419710960577,14.835917151165855,541350
2016-10-05,14.94591236114502,14.959662365379874,14.86341495828104,14.86341495828104,265450
2016-10-06,14.904661178588867,14.904661178588867,14.822162478185568,14.863412484023396,233600
2016-10-07,14.739665985107422,14.849663384817202,14.602168579833977,14.83591338203537,1395450
2016-10-10,14.739665985107422,14.78091468218048,14.670917282470699,14.739665985107422,303900
2016-10-11,14.464675903320312,14.602172029806754,14.437175891259377,14.602172029806754,380200
2016-10-12,14.32717514038086,14.340925143220103,14.258426437457086,14.313425137541616,542400
2016-10-13,14.285927772521973,14.340926477724445,14.148430353879514,14.272177768403214,566050
2016-10-14,14.272177696228027,14.382175106076707,14.272177696228027,14.327176401152368,358350
2016-10-17,14.313426971435547,14.327176976036496,14.272178268905309,14.272178268905309,452050
2016-10-18,14.395925521850586,14.437174223905417,14.368425512965635,14.395925521850588,288900
2016-10-19,14.45092487335205,14.478423572191785,14.42342486323966,14.464674878408244,271650
2016-10-20,14.38217830657959,14.437177023742935,14.327179589416245,14.39592831368864,448500
2016-10-21,14.32717514038086,14.340925143220103,14.230927743051042,14.244676434617842,191700
2016-10-24,14.45092487335205,14.45092487335205,14.395926164399924,14.437174868295855,359650
2016-10-25,14.437172889709473,14.46467289605304,14.395924191466595,14.409672883365904,369750
2016-10-26,14.299677848815918,14.354676559339337,14.285929154639582,14.354676559339337,539350
2016-10-27,14.258427619934082,14.340926332538865,14.230928923247522,14.340926332538865,436950
2016-10-28,14.175928115844727,14.2446755029999,14.134678110024794,14.203426808452326,611850
2016-10-31,14.230929374694824,14.230929374694824,14.134680655057188,14.17593066830443,520850
2016-11-01,14.162179946899414,14.244677346672109,14.120931247013067,14.244677346672109,415400
2016-11-02,14.189681053161621,14.313428485111503,14.189681053161621,14.285929784274167,524500
2016-11-03,14.244678497314453,14.27217850697507,14.20342979409616,14.258428502144762,697100
2016-11-04,14.120931625366211,14.189679023261284,14.093431617190133,14.10718162127817,353750
2016-11-07,14.368424415588379,14.382174418980709,14.27217701438706,14.27217701438706,478400
2016-11-08,14.478422164916992,14.519672176076156,14.361549755844418,14.368424757704279,836200
2016-11-09,14.258427619934082,14.395925037184538,14.196553913298633,14.251552617944304,1731800
2016-11-10,14.10718059539795,14.224052999102147,14.059056895861948,14.217177997558082,1554200
2016-11-11,13.997184753417969,14.045308458318022,13.914686036966012,14.00405975572835,1278400
2016-11-14,13.894062042236328,13.935312059103733,13.825314636669402,13.921562053481265,718900
2016-11-15,14.065930366516113,14.079680369389562,13.962807967510141,13.97655797038359,682900
2016-11-16,14.004060745239258,14.045309450743517,13.962810728462292,13.983435736850774,630000
2016-11-17,14.093433380126953,14.155307094990306,14.072808371414927,14.107183385934972,707400
2016-11-18,14.155303955078125,14.230927658974737,14.107180256697532,14.230927658974737,957800
2016-11-21,14.169057846069336,14.169057846069338,14.079684114889028,14.120934134482768,787200
2016-11-22,14.196556091308594,14.203431094353121,14.114058677319758,14.148432381269647,653600
2016-11-23,14.10718059539795,14.134679290301749,14.086555590765748,14.127804288757682,597900
2016-11-25,14.34780216217041,14.368425858056854,14.320302152624983,14.320302152624983,369500
2016-11-28,14.437172889709473,14.478421587952349,14.409672883365904,14.43029788812358,765800
2016-11-29,14.423421859741211,14.444046863030604,14.34779947022487,14.38217316443481,634000
2016-11-30,14.471545219421387,14.547168918450502,14.471545219421387,14.53341891657751,580100
2016-12-01,14.629671096801758,14.657169795813552,14.595296083946188,14.657169795813552,760800
2016-12-02,14.732789039611816,14.801537733176621,14.712164038160697,14.712164038160697,664500
2016-12-05,14.89778995513916,14.932163657447546,14.849666247398343,14.849666247398343,612500
2016-12-06,14.925286293029785,14.959661301171534,14.918412602673918,14.918412602673918,550800
2016-12-07,15.12466049194336,15.124660491943361,14.994038056902024,15.014663065994684,430600
2016-12-08,15.00778579711914,15.014660799112054,14.932162086469656,14.945912090455481,685100
2016-12-09,14.925286293029785,14.925286293029785,14.8496638976629,14.890912596160518,1321800
2016-12-12,14.939037322998047,14.95278732719974,14.904663623766387,14.939037322998047,523800
2016-12-13,15.00778579711914,15.028410803097879,14.932162086469656,14.93903708846257,590200
2016-12-14,14.719042778015137,14.987161308633857,14.705292773554536,14.966537613215554,1213000
2016-12-15,14.560920715332031,14.595294412979609,14.53342070819596,14.588419411195591,1004600
2016-12-16,14.560920715332031,14.615919418331664,14.540295709979977,14.588419411195591,1013100
2016-12-19,14.375299453735352,14.478421856894318,14.375299453735352,14.464673164739622,909800
2016-12-20,14.45092487335205,14.485298574719883,14.437174868295855,14.478423572191785,1023000
2016-12-21,14.402655601501465,14.452344189538536,14.381359912094515,14.423949936995935,631600
2016-12-22,14.161308288574219,14.232291204176232,14.140012601546218,14.232291204176232,1064100
2016-12-23,14.203900337219238,14.203900337219238,14.154211747636722,14.203900337219238,448200
2016-12-27,14.232294082641602,14.281984029090008,14.225196872775863,14.24649121019829,316300
2016-12-28,14.253589630126953,14.26778675754036,14.225196729212726,14.253589630126953,369100
2016-12-29,14.281984329223633,14.296180103166039,14.225197171716115,14.225197171716115,290900
2016-12-30,14.147109031677246,14.239387620399295,14.097420456679824,14.232289059126504,559800
2017-01-03,14.289080619812012,14.289080619812012,14.218097692929462,14.246490592899974,824400
2017-01-04,14.516231536865234,14.530427310821022,14.452345815369974,14.459444379304184,735000
2017-01-05,14.793066024780273,14.83565604659594,14.72208175247924,14.743377440343265,952600
2017-01-06,14.700788497924805,14.729182753110056,14.693691288041098,14.707887061721117,446400
2017-01-09,14.814363479614258,14.835657816105764,14.743379198846638,14.743379198846638,435300
2017-01-10,14.956331253051758,15.006019845295105,14.935036915754665,14.935036915754665,923900
2017-01-11,15.034412384033203,15.062805281825753,14.87824670748063,14.927936647964364,1400800
2017-01-12,15.069906234741211,15.08410336284528,15.013119076237594,15.08410336284528,751600
2017-01-13,15.169285774230957,15.197678678391949,15.133792951638787,15.183481549355081,560700
2017-01-17,15.133788108825684,15.190575252888522,15.12668954657879,15.190575252888522,650400
2017-01-18,15.020214080810547,15.084099788226613,14.984722622873772,15.07700122585679,602100
2017-01-19,15.091198921203613,15.105396046480058,15.041510336648438,15.077001795927167,691800
2017-01-20,15.176382064819336,15.176382064819336,15.09830056767548,15.105399131763587,646200
2017-01-23,15.282855987548828,15.297051758854229,15.211871715372295,15.247363174504372,679100
2017-01-24,15.403529167175293,15.439020627051828,15.360937790628562,15.360937790628562,759100
2017-01-25,15.467412948608398,15.4674129486084,15.360935874436406,15.360935874436406,573000
2017-01-26,15.339641571044922,15.38933015033037,15.325444447274153,15.382231588444984,453900
2017-01-27,15.318350791931152,15.382236515450277,15.31835079193115,15.375137951291189,500600
2017-01-30,15.431923866271973,15.439022429858657,15.325448120296839,15.332546683883525,443600
2017-01-31,15.453217506408691,15.481610403075159,15.417724693185122,15.439020381119263,696600
2017-02-01,15.488710403442383,15.54549755595891,15.460317504140376,15.517104656656903,1046800
2017-02-02,15.495809555053711,15.502908118626841,15.46031809110062,15.46031809110062,623000
2017-02-03,15.559693336486816,15.566791899176344,15.488709063503924,15.51710331426204,501800
2017-02-06,15.524202346801758,15.531299555793693,15.474512406471158,15.531299555793693,336200
2017-02-07,15.481610298156738,15.517103111139773,15.48161029815674,15.517103111139773,290400
2017-02-08,15.488710403442383,15.502907530049642,15.431923250925855,15.488710403442383,352700
2017-02-09,15.580989837646484,15.609382735973883,15.488709871779395,15.488709871779395,402000
2017-02-10,15.659070014953613,15.694562827287537,15.60228286913169,15.609381431598473,459900
2017-02-13,15.651971817016602,15.673267504912927,15.630677483032661,15.673267504912927,510600
2017-02-14,15.47451400756836,15.502908262123706,15.382235388088638,15.502908262123706,795800
2017-02-15,15.545495986938477,15.545495986938477,15.403528796932285,15.403528796932285,262100
2017-02-16,15.545495986938477,15.545495986938477,15.495807402740692,15.510004527915022,305700
2017-02-17,15.616483688354492,15.630680816646583,15.573893657390892,15.580992221536938,297300
2017-02-21,15.552597999572754,15.588089466469313,15.51000796851435,15.524205096838044,834600
2017-02-22,15.793940544128418,15.808137669556498,15.680366248528577,15.708759145472337,547200
2017-02-23,15.893317222595215,15.928810035067343,15.886218660100788,15.921711472572918,721800
2017-02-24,15.82943344116211,15.829433441162108,15.76554772484707,15.786843414922924,412900
2017-02-27,15.801039695739746,15.836531156720296,15.758449671780596,15.793941132761146,467200
2017-02-28,15.8436279296875,15.893316511011442,15.822333597069981,15.864923616217316,671700
2017-03-01,15.864925384521484,15.914613971383712,15.815236797659255,15.815236797659255,1208300
2017-03-02,15.701665878295898,15.779747379926517,15.694567313799888,15.751354475855221,447400
2017-03-03,15.815239906311035,15.822338470674143,15.701665584326728,15.751354180955772,576400
2017-03-06,15.758450508117676,15.77264628091583,15.715859127985652,15.758450508117676,262400
2017-03-07,15.801039695739746,15.822335384675547,15.779744006803945,15.808138258718346,326700
2017-03-08,15.751348495483398,15.822332759579895,15.751348495483398,15.793938512376407,769600
2017-03-09,15.588089942932129,15.623582764826232,15.545499910571923,15.623582764826232,1111000
2017-03-10,15.850730895996094,15.850730895996094,15.758452269885165,15.779746608419323,604500
2017-03-13,15.872025489807129,15.914615517840108,15.872025489807127,15.879124053464722,769400
2017-03-14,15.786840438842773,15.822333248944883,15.77264331480193,15.815234686924462,301600
2017-03-15,16.070781707763672,16.070781707763672,15.793944462791536,15.80814159174209,820700
2017-03-16,16.1701602935791,16.1701602935791,16.084978873593208,16.14176603561289,665700
2017-03-17,16.14176368713379,16.170157940968895,16.127566560216234,16.16305937751012,366300
2017-03-20,16.15595817565918,16.198548195544017,16.120465364161547,16.14885961335965,455600
2017-03-21,15.95720386505127,16.155959564790585,15.95720386505127,16.155959564790585,595500
2017-03-22,15.935912132263184,15.96430503462628,15.86492784548645,15.879124973624329,343000
2017-03-23,15.95720386505127,15.978499553780908,15.914613841504428,15.935909530234067,451600
2017-03-24,16.05657958984375,16.08497248261599,15.978496765373745,16.035283904830422,317500
2017-03-27,16.06368064880371,16.092074902295554,15.999796286272113,16.056583439343274,387100
2017-03-28,16.1701602935791,16.226947455598783,16.06368318011855,16.06368318011855,461400
2017-03-29,16.319223403930664,16.319223403930664,16.212747661883242,16.241140561270047,538300
2017-03-30,16.226945877075195,16.27663446976972,16.226945877075195,16.255338778366664,895500
2017-03-31,16.191452026367188,16.262436305941723,16.191452026367188,16.21984627976201,578900
2017-04-03,16.27663230895996,16.27663230895996,16.18435234570998,16.234042285720506,777200
2017-04-04,16.234041213989258,16.248236984856955,16.163056944001422,16.20564696442919,465700
2017-04-05,16.11336898803711,16.219844720204886,16.11336898803711,16.18435190687403,412900
2017-04-06,16.1275691986084,16.148864892468602,16.099176294040895,16.099176294040895,215900
2017-04-07,16.077877044677734,16.134664195167453,16.06367991857719,16.113369859929097,349400
2017-04-10,16.077877044677734,16.08497560772801,16.042385583338834,16.06367991857719,342600
2017-04-11,16.092077255249023,16.134667287801697,16.04948722269635,16.127568723390798,329600
2017-04-12,16.163057327270508,16.17015588982885,16.077875930482758,16.17015588982885,419800
2017-04-13,16.070781707763672,16.148864563078988,16.056585932725852,16.14176599860371,564200
2017-04-17,16.077877044677734,16.077877044677734,16.013991331137742,16.04948414638911,250700
2017-04-18,15.964302062988281,15.978499188483468,15.914613477667531,15.957203500240686,405400
2017-04-19,15.857829093933105,15.96430484588303,15.850730529948091,15.914616251900574,319900
2017-04-20,16.006895065307617,16.021092193445657,15.950107906668123,15.964305034806161,247900
2017-04-21,16.013992309570312,16.049485126990238,15.98559940954692,15.98559940954692,335000
2017-04-24,16.120468139648438,16.14176383021353,16.106272366517594,16.127566703170135,443200
2017-04-25,16.262439727783203,16.27663685746789,16.198553998114935,16.205652562957276,386600
2017-04-26,16.2695369720459,16.319225567996316,16.24824127924742,16.25533984351358,406300
2017-04-27,16.262439727783203,16.29083398715257,16.234046822326643,16.29083398715257,369800
2017-04-28,16.312124252319336,16.319222815388162,16.269534227818852,16.27663279088768,267100
2017-05-01,16.397302627563477,16.418596958925608,16.326318363894536,16.354712610927,198400
2017-05-02,16.58896255493164,16.58896255493164,16.517978279188902,16.517978279188902,301900
2017-05-03,16.65994644165039,16.7096363852869,16.617356415303057,16.64575066880963,419700
2017-05-04,16.603158950805664,16.63155320373464,16.567667488556946,16.567667488556946,386800
2017-05-05,16.652847290039062,16.652847290039062,16.560568677227337,16.560568677227337,467700
2017-05-08,16.61025619506836,16.65994477983595,16.603157632399792,16.65284621716738,312300
2017-05-09,16.638652801513672,16.65994713862193,16.603159983145606,16.638652801513672,381600
2017-05-10,16.67414093017578,16.67414093017578,16.596058099299704,16.624452348313664,389000
2017-05-11,16.716733932495117,16.716733932495117,16.645751005119596,16.652848214727108,474400
2017-05-12,16.759328842163086,16.78062318329408,16.702541675959036,16.72383601709003,1463300
2017-05-15,16.915489196777344,16.915489196777344,16.823210581310377,16.872899170708937,352900
2017-05-16,16.766420364379883,16.787714696566113,16.723828992182884,16.752223240314216,492200
2017-05-17,16.67414093017578,16.74512519879837,16.667042367922292,16.71673094978441,603400
2017-05-18,16.723834991455078,16.73803212061362,16.65285069957511,16.667047828733658,307700
2017-05-19,16.901290893554688,16.901290893554688,16.794815158839587,16.794815158839587,965000
2017-05-22,16.915489196777344,16.915489196777344,16.85870204404863,16.85870204404863,1134200
2017-05-23,16.872901916503906,16.91549194950316,16.85160622304791,16.908393385017828,608400
2017-05-24,16.972274780273438,16.972274780273438,16.87999617333842,16.894191944773688,734800
2017-05-25,16.965177536010742,17.000670352138144,16.950980409559783,16.972276099236222,221300
2017-05-26,16.92258644104004,16.92968500381688,16.8799964182914,16.915487878263196,303000
2017-05-30,16.7877140045166,16.816108251477424,16.745123987987583,16.809009689737216,524800
2017-05-31,16.816110610961914,16.85870063346678,16.79481492275328,16.844503507994357,502100
2017-06-01,16.936786651611328,16.936786651611328,16.844506672616102,16.894195267192305,412800
2017-06-02,17.050355911254883,17.057454473219074,16.979371645525237,16.98647020748943,475500
2017-06-05,16.943885803222656,16.972278706573892,16.93678723890667,16.965180142257907,219900
2017-06-06,16.9296875,16.943884627646966,16.901293244706068,16.915490372353034,230400
2017-06-07,16.90839195251465,16.943884771934307,16.872900487007612,16.90839195251465,419400
2017-06-08,16.972274780273438,16.99357046829493,16.87999617333842,16.91548763279518,307000
2017-06-09,16.99357032775879,17.057456037382543,16.929684618135035,16.986471765143662,512900
2017-06-12,16.95807647705078,16.96517503923156,16.922585020059188,16.936782144420743,407600
2017-06-13,17.100046157836914,17.100046157836914,17.007766197220153,17.02906188518842,458600
2017-06-14,17.057456970214844,17.142637018429895,17.00066982010066,17.128439892423234,532200
2017-06-15,16.858701705932617,16.887095958683762,16.80191455434282,16.837406016369258,574000
2017-06-16,16.87999725341797,16.887095816546005,16.809012976050067,16.858701564033854,321900
2017-06-19,16.936786651611328,17.000672374327205,16.92968808754149,16.965179553978018,1442200
2017-06-20,16.791120529174805,16.905931502095456,16.769594327161407,16.87722944319267,609500
2017-06-21,16.726537704467773,16.75524112948324,16.705011504360805,16.71218736061467,366700
2017-06-22,16.791120529174805,16.805472242953577,16.769594327161407,16.791120529174805,312400
2017-06-23,16.76241683959961,16.769592695790916,16.726537558643074,16.755240983408303,234500
2017-06-26,16.791120529174805,16.855701872524516,16.78394467228542,16.841350158745744,344500
2017-06-27,16.748064041137695,16.8413474282662,16.740888185411727,16.819821229742832,431000
2017-06-28,16.94180679321289,16.948982648410865,16.848522044293656,16.848522044293656,358500
2017-06-29,17.049440383911133,17.114021706356784,16.970507352332156,17.07814243352347,866500
2017-06-30,16.9489803314209,16.9920340880687,16.94180447720389,16.963330671200666,595100
2017-07-03,16.877225875854492,16.891577586599745,16.762414927201426,16.762414927201426,475000
2017-07-05,17.035091400146484,17.04226725586118,16.941808013164504,16.97768592308345,506400
2017-07-06,16.805469512939453,16.855699134350694,16.776766090044724,16.84134742290333,436300
2017-07-07,16.841346740722656,16.87722601788773,16.798292976779045,16.798292976779045,568500
2017-07-10,16.91309928894043,16.934626849336762,16.870045536801868,16.8915730971982,314600
2017-07-11,16.85569953918457,16.8628753950806,16.762416149845325,16.83417197149648,392400
2017-07-12,16.927459716796875,16.927459716796875,16.84135079950285,16.84135079950285,1095400
2017-07-13,17.013565063476562,17.042268488411267,16.934633382215385,16.934633382215385,759200
2017-07-14,17.386699676513672,17.40822724311083,17.329294200909075,17.336470056441463,591200
2017-07-17,17.4799861907959,17.487162047051214,17.444106909519316,17.444106909519316,399200
2017-07-18,17.472808837890625,17.508686747439413,17.458457126609304,17.508686747439413,1866800
2017-07-19,17.652202606201172,17.688080518764664,17.63785089371392,17.63785089371392,494600
2017-07-20,17.4799861907959,17.487162047051214,17.436931053264,17.4799861907959,380700
2017-07-21,17.6450252532959,17.6450252532959,17.58044392123573,17.601971488140627,288800
2017-07-24,17.666553497314453,17.680903840479875,17.64502592958446,17.680903840479875,341200
2017-07-25,17.752660751342773,17.80289037326713,17.752660751342773,17.78136417453072,305200
2017-07-26,17.89617347717285,17.91052381878695,17.80288872908189,17.82441629448467,421000
2017-07-27,17.975101470947266,18.018156592949286,17.888993964251505,17.946399424933393,841600
2017-07-28,17.824417114257812,17.84594468065068,17.731132361876536,17.824417114257812,640700
2017-07-31,17.831592559814453,17.86029461235733,17.810064993916455,17.845944270413117,586000
2017-08-01,17.94640350341797,17.996633121847992,17.92487593752462,17.996633121847992,504500
2017-08-02,17.975101470947266,18.003804885615278,17.946399424933393,17.953575278600397,371400
2017-08-03,17.996627807617188,18.01097951397483,17.93922235084066,18.01097951397483,397700
2017-08-04,17.92487907409668,17.92487907409668,17.831595676211286,17.88900115998415,517800
2017-08-07,17.817241668701172,17.824417524330553,17.723958282828285,17.795714101813036,432400
2017-08-08,17.759836196899414,17.817241673294724,17.752660341268186,17.817241673294724,345400
2017-08-09,17.688079833984375,17.75266116902215,17.68090397801856,17.723959113813464,709300
2017-08-10,17.637849807739258,17.774188330664412,17.623498096135652,17.759836619060806,1061900
2017-08-11,17.666553497314453,17.70243140820987,17.58044459504906,17.609148018689048,326200
2017-08-14,17.767011642456055,17.802889551129596,17.7096061673857,17.802889551129596,427900
2017-08-15,17.60914421081543,17.64502211395246,17.580440793382387,17.623494550877677,219800
2017-08-16,17.67372703552246,17.67372703552246,17.55891608443679,17.58044365101079,317900
2017-08-17,17.401050567626953,17.50150980303765,17.386698857238443,17.50150980303765,324400
2017-08-18,17.4799861907959,17.51586410341784,17.465634478285267,17.465634478285267,395300
2017-08-21,17.487157821655273,17.508684016565244,17.458454403569572,17.487157821655273,217900
2017-08-22,17.60914421081543,17.616318696519418,17.544562890245356,17.580440793382387,185600
2017-08-23,17.616321563720703,17.652200841351657,17.55174023263949,17.616321563720703,237800
2017-08-24,17.695255279541016,17.716782846939175,17.659377369198634,17.673727712142856,356400
2017-08-25,17.652202606201172,17.695256375008288,17.616323324983046,17.630675037470297,482500
2017-08-28,17.731130599975586,17.767009873731794,17.731130599975586,17.731130599975586,250200
2017-08-29,17.702430725097656,17.72395829199693,17.66655281558672,17.680903158198383,193900
2017-08-30,17.67372703552246,17.70960631314579,17.66655254865229,17.680902891047126,219800
2017-08-31,17.767011642456055,17.781363353387263,17.702430311920093,17.72395787831691,384700
2017-09-01,17.824417114257812,17.860295022924774,17.78853920559085,17.795713692400653,342300
2017-09-05,17.6450252532959,17.709606585356063,17.59479563250566,17.68807901845117,570600
2017-09-06,17.6450252532959,17.659376964565826,17.573268065600768,17.601971488140627,293300
2017-09-07,17.7454833984375,17.7454833984375,17.666551728638865,17.695253780750797,265100
2017-09-08,17.680904388427734,17.75983743722934,17.659378188685196,17.75983743722934,346100
2017-09-11,17.680904388427734,17.688080244560116,17.573269283751205,17.637850620288045,302700
2017-09-12,17.6450252532959,17.680903162816204,17.566092209965802,17.680903162816204,339400
2017-09-13,17.530210494995117,17.63784556884518,17.530210494995117,17.63784556884518,207000
2017-09-14,17.487157821655273,17.508684016565244,17.35081932305681,17.451278549048148,928600
2017-09-15,17.50868797302246,17.523039685308383,17.47281006096227,17.487161773248193,297600
2017-09-18,17.587621688842773,17.673729228514173,17.587621688842773,17.609149258087957,397900
2017-09-19,17.573265075683594,17.587616784511724,17.501507900197236,17.530211317853492,403800
2017-09-20,17.472808837890625,17.55174051262886,17.357997884949082,17.523038458720734,454900
2017-09-21,17.46562957763672,17.508683334433606,17.42975167508169,17.501507480191748,281400
2017-09-22,17.544567108154297,17.59479673208361,17.530215395987465,17.537391252070883,332200
2017-09-25,17.429758071899414,17.494338046468826,17.40105464439767,17.451284273870968,398100
2017-09-26,17.45128059387207,17.465632304596557,17.379523408904102,17.379523408904102,395300
2017-09-27,17.51586151123047,17.544564932003887,17.494333945650403,17.537389076810534,588800
2017-09-28,17.51586151123047,17.530213221617178,17.429753986219076,17.429753986219076,549100
2017-09-29,17.530210494995117,17.544562203149585,17.41539956706782,17.429751275222287,418000
2017-10-02,17.60914421081543,17.68807587144775,17.580440793382387,17.580440793382387,672100
2017-10-03,17.544567108154297,17.551741595583113,17.444106491641072,17.544567108154297,600500
2017-10-04,17.50868797302246,17.50868797302246,17.444106636390426,17.45845834867635,669300
2017-10-05,17.637849807739258,17.65937737514467,17.530214708021315,17.537390563823116,402700
2017-10-06,17.702430725097656,17.738308634608593,17.60197148354342,17.60197148354342,642900
2017-10-09,17.73830795288086,17.767011374310076,17.71678175546341,17.767011374310076,365500
2017-10-10,17.89617347717285,17.92487552905547,17.86029420150155,17.86747005663581,520500
2017-10-11,17.867467880249023,17.874643734509213,17.759832803654696,17.795710706301385,541900
2017-10-12,17.953580856323242,17.975107055357757,17.91052572094508,17.91770157684144,596500
2017-10-13,18.104267120361328,18.147322249547145,18.068389214694186,18.08274092442279,635600
2017-10-16,18.104267120361328,18.104267120361328,18.061213359829882,18.104267120361328,590000
2017-10-17,18.04686164855957,18.06838921315064,17.946402417776657,18.025335452622873,803400
2017-10-18,18.08991813659668,18.1186215603792,18.046864369577477,18.075567793359998,404700
2017-10-19,18.125791549682617,18.132967403305692,18.003804775398624,18.046858528482936,1723300
2017-10-20,18.08991813659668,18.09709399254231,18.032512657686215,18.082743649305627,471900
2017-10-23,18.039688110351562,18.089917732193506,18.01816191165047,18.089917732193506,403800
2017-10-24,18.032514572143555,18.082745569095838,18.018164227383338,18.06121799897343,557700
2017-10-25,18.02533721923828,18.190377791315218,17.967931743356974,18.111444748732985,619800
2017-10-26,18.08991813659668,18.211904950363238,18.082743649305627,18.168851183344035,660200
2017-10-27,18.319538116455078,18.34824016640581,18.1831996153897,18.21190166534043,542100
2017-10-30,18.312362670898438,18.319538525710012,18.254957201060222,18.319538525710012,224800
2017-10-31,18.319538116455078,18.34824016640581,18.290834697850016,18.29801055250128,374600
2017-11-01,18.4415225982666,18.49892805963189,18.419995037009308,18.4415225982666,630300
2017-11-02,18.470232009887695,18.470232009887695,18.39847481240335,18.441529952086782,532000
2017-11-03,18.412822723388672,18.42717443365286,18.3267151991124,18.40564686825658,756600
2017-11-06,18.3769474029541,18.41282531500999,18.262136441989714,18.341068122243595,568600
2017-11-07,18.398469924926758,18.49175466747212,18.398469924926758,18.47022710334911,582400
2017-11-08,18.52046012878418,18.527635984813514,18.48458221729211,18.48458221729211,495000
2017-11-09,18.534812927246094,18.57069084084112,18.47740744430125,18.520461214346213,591500
2017-11-10,18.556337356567383,18.577863553619952,18.5276339356247,18.5276339356247,414500
2017-11-13,18.59939193725586,18.59939193725586,18.51328303929552,18.51328303929552,333700
2017-11-14,18.470232009887695,18.513285780916423,18.42717823885897,18.513285780916423,514000
2017-11-15,18.3769474029541,18.434352883436294,18.3625956906699,18.434352883436294,414600
2017-11-16,18.362594604492188,18.376946315927462,18.233431938883783,18.305189127405622,808000
2017-11-17,18.491758346557617,18.534812114715187,18.47740663428689,18.48458249042225,530300
2017-11-20,18.570688247680664,18.570688247680664,18.463053153270785,18.491756575062475,448800
2017-11-21,18.8720703125,18.886422025661506,18.778786914259584,18.778786914259584,1342500
2017-11-22,18.958179473876953,18.986881531925373,18.879246419098042,18.88642227577383,505400
2017-11-24,19.008405685424805,19.037109106968853,19.001229830038792,19.001229830038792,139300
2017-11-27,18.922298431396484,19.001230104473688,18.922298431396484,18.994054248984035,466600
2017-11-28,19.029932022094727,19.05863407312992,18.97252655136996,18.97970240629235,362400
2017-11-29,18.8720703125,18.92947579649134,18.843368254831677,18.90794959540377,560100
2017-11-30,18.9725284576416,19.044285645420985,18.95100089071143,19.008406367204035,765700
2017-12-01,19.001230239868164,19.05145985999916,18.922298566228527,19.015581950949734,1200700
2017-12-04,18.90077018737793,19.015581133787688,18.90077018737793,18.98687771285803,604000
2017-12-05,18.958179473876953,19.022760815304295,18.943827760525384,18.95100361720117,992400
2017-12-06,18.764434814453125,18.77161067088602,18.699853475211743,18.75725895802023,619300
2017-12-07,18.750080108642578,18.764431819217503,18.635269161352074,18.692674634997324,582700
2017-12-08,18.936649322509766,18.958176889602598,18.872067989885796,18.872067989885796,358400
2017-12-11,19.108863830566406,19.11603968554199,19.03710801811938,19.04428387309496,414100
2017-12-12,19.108863830566406,19.11603968554199,19.04428387309496,19.087337634294055,648500
2017-12-13,19.216503143310547,19.2595569109101,19.123218383414482,19.123218383414482,575900
2017-12-14,19.015579223632812,19.051457127536434,18.979701319729188,19.022755078144396,647500
2017-12-15,19.001230239868164,19.015581950949734,18.907946855146957,18.95100061973717,723600
2017-12-18,19.008405685424805,19.037109106968853,18.943824355605166,18.972527777149214,938500
2017-12-19,18.898836135864258,18.95031133908492,18.869420932541544,18.93560373742356,919600
2017-12-20,18.906190872192383,18.965021286113256,18.891484671306433,18.891484671306433,371600
2017-12-21,18.957666397094727,18.972372597137234,18.86942218386875,18.89148358782379,634600
2017-12-22,18.92824935913086,18.92824935913086,18.840006557043004,18.884127958086932,421100
2017-12-26,18.906190872192383,18.913544673932492,18.854715662605884,18.891484671306433,307600
2017-12-27,18.979726791381836,19.038555800552327,18.972372989911246,19.009141997264187,415500
2017-12-28,19.05326271057129,19.104737916399163,19.04590890936814,19.05326271057129,319300
2017-12-29,19.06797218322754,19.178276406905432,19.053264579378673,19.09738598833097,534800
2018-01-02,19.44300651550293,19.457712715887432,19.391531307671624,19.391531307671624,1019000
2018-01-03,19.68567657470703,19.737151783114737,19.634201366299326,19.65626136842021,1205500
2018-01-04,19.876869201660156,19.89157540072507,19.78127119347071,19.84010019751264,999500
2018-01-05,19.876869201660156,19.88422300248966,19.80333259595922,19.80333259595922,634400
2018-01-08,19.876869201660156,19.876869201660156,19.81068639678872,19.832746396683138,515000
2018-01-09,19.884225845336914,19.920993452147,19.84010303405166,19.87687204345604,562000
2018-01-10,19.847455978393555,19.86216358151984,19.79598077004578,19.803334571608925,533500
2018-01-11,20.01658821105957,20.01658821105957,19.869516394893854,19.88422399728867,892300
2018-01-12,20.112186431884766,20.126894034431583,19.943053210378878,19.950405609058112,427200
2018-01-16,20.141599655151367,20.237197666362302,20.126893455621648,20.19307485999073,909300
2018-01-17,20.237199783325195,20.296028795380444,20.1342479602828,20.1342479602828,462700
2018-01-18,20.097476959228516,20.119538360995886,20.046001757698694,20.07541555746114,555800
2018-01-19,20.2960262298584,20.2960262298584,20.22248962343617,20.229843424337805,400300
2018-01-22,20.3548583984375,20.376918401977303,20.273967978540032,20.362212200482208,757100
2018-01-23,20.443099975585938,20.479868983575255,20.39162476699513,20.39897856859299,634200
2018-01-24,20.729890823364258,20.847548833501605,20.700475619532863,20.774012226517232,838500
2018-01-25,20.568111419677734,20.68576943789343,20.48722240877583,20.68576943789343,1033500
2018-01-26,20.626941680908203,20.66371069045399,20.53869886318691,20.560758866320082,499000
2018-01-29,20.546049118041992,20.61958572184397,20.50928011484398,20.53869531740239,488600
2018-01-30,20.340150833129883,20.435748857299043,20.281321819254373,20.435748857299043,698100
2018-01-31,20.237199783325195,20.369565411098073,20.14160176211399,20.332796401942115,1120300
2018-02-01,20.288673400878906,20.362210010823876,20.222490592187846,20.237198194695676,1273700
2018-02-02,19.854806900024414,20.112184307025018,19.854806900024414,20.112184307025018,970900
2018-02-05,19.29593276977539,19.891576648384778,19.288578968484636,19.751858631642964,2274200
2018-02-06,19.428298950195312,19.538603167561167,19.075324893586888,19.11944630001439,2516700
2018-02-07,19.17091941833496,19.391529231614648,19.134151817418715,19.229748421357396,1461300
2018-02-08,18.795886993408203,19.325349507579382,18.781180792254563,19.325349507579382,1933800
2018-02-09,19.02385139465332,19.17092323015517,18.58263308295907,19.17092323015517,1822800
2018-02-12,19.126800537109375,19.148861942122657,18.935605901443683,19.023850118902562,1135600
2018-02-13,19.28122329711914,19.317992300006715,19.156211492489483,19.156211492489483,508500
2018-02-14,19.479772567749023,19.494480169555498,19.045908132616784,19.067969535326494,599600
2018-02-15,19.862163543701172,19.862163543701172,19.553310891608373,19.648907506558754,1014300
2018-02-16,19.825393676757812,19.88422408660134,19.700383263622825,19.744504668411302,747600
2018-02-20,19.66361427307129,19.7959798901359,19.648906670598738,19.729797081603596,1561900
2018-02-21,19.83275032043457,20.11218919686406,19.81069031617576,19.97982356093371,995900
2018-02-22,19.7739200592041,19.92834709226035,19.75921385815602,19.832749071179272,739600
2018-02-23,20.112186431884766,20.126894034431583,19.92834560783206,19.92834560783206,597600
2018-02-26,20.273963928222656,20.28131772879823,20.134244522474884,20.141598323050452,685000
2018-02-27,19.803335189819336,20.009236029638135,19.795981388026625,20.001883630439703,1019300
2018-02-28,19.626848220825195,19.943054686007702,19.626848220825195,19.876871872244188,1075300
2018-03-01,19.553308486938477,19.678320292711447,19.369467678601403,19.612137489502576,1453400
2018-03-02,19.66361427307129,19.69302947801639,19.266518824471618,19.531248656006674,1424200
2018-03-05,19.553308486938477,19.568016088228017,19.310638676037303,19.340052476022326,909700
2018-03-06,19.715087890625,19.788624494468507,19.700381691931543,19.773916893180996,688600
2018-03-07,19.648908615112305,19.66361621904036,19.50183678361465,19.604787205922438,768100
2018-03-08,19.678321838378906,19.751858448008605,19.64890663348936,19.715089441896673,741400
2018-03-09,19.8989315032959,19.8989315032959,19.744505875795955,19.766565878242087,382700
2018-03-12,20.097476959228516,20.119538360995886,19.928343753460805,19.928343753460805,624700
2018-03-13,20.053356170654297,20.259256983061146,20.038648569026925,20.222489381586804,722900
2018-03-14,20.082775115966797,20.148957937650092,20.009238491585975,20.134250332255036,699500
2018-03-15,19.90628433227539,20.038649950861284,19.891576729633805,20.009234745578116,630900
2018-03-16,19.825393676757812,19.89893028646805,19.81804127812154,19.88422408660134,588600
2018-03-19,19.68567657470703,19.737151783114737,19.6047861600125,19.700384177850445,743100
2018-03-20,19.781272888183594,19.825394294346516,19.75185908493972,19.773919086724074,361000
2018-03-21,19.8989315032959,19.97246811750293,19.7959810849626,19.803334886642734,475000
2018-03-22,19.479772567749023,19.700382387063815,19.479772567749023,19.62684578062555,731300
2018-03-23,19.134153366088867,19.391530801116282,19.126799564791604,19.362115595927236,964300
2018-03-26,19.479772567749023,19.479772567749023,19.22974894741539,19.34005315577573,1052000
2018-03-27,19.332700729370117,19.60478434942393,19.288577924014817,19.53124774309254,1357400
2018-03-28,19.148860931396484,19.303286550555725,19.1341533288306,19.222396139037542,1435400
2018-03-29,19.612138748168945,19.67096775450857,19.450359331383517,19.45771172990609,1271900
2018-04-02,19.28122329711914,19.49447930608493,19.178272894222026,19.472417904352387,1556700
2018-04-03,19.413589477539062,19.435650879925273,19.28857766920538,19.384175676951536,983200
2018-04-04,19.200334548950195,19.200334548950195,18.840006731468343,18.854712930223105,1417000
2018-04-05,19.325349807739258,19.38417882105042,19.185630375152385,19.237105586475362,6831200
2018-04-06,19.325349807739258,19.509190649660923,19.237105586475362,19.428300230385208,982100
2018-04-09,19.5018367767334,19.62684860488916,19.479775370849094,19.50919057869483,740300
2018-04-10,19.744504928588867,19.76656492997671,19.626846912539747,19.67096831790962,1103400
2018-04-11,19.781272888183594,19.869517103103647,19.76656528526455,19.773919086724074,506100
2018-04-12,19.737150192260742,19.80333299847739,19.663613585065118,19.70038258995999,485200
2018-04-13,19.862163543701172,19.950406357102413,19.832748337504604,19.9430539581475,796200
2018-04-16,19.8989315032959,19.913639106656156,19.810688688322863,19.85481009580938,609700
2018-04-17,19.96511459350586,20.009236001606034,19.869517975523095,19.891577978276047,364900
2018-04-18,20.31808853149414,20.38427134451157,20.244553319336347,20.25190712107098,821300
2018-04-19,20.413686752319336,20.509283370621695,20.34015013684368,20.472515764181004,677300
2018-04-20,20.288673400878906,20.354856209569963,20.229844393441763,20.347502408316046,419600
2018-04-23,20.207782745361328,20.303380757912233,20.19307514303132,20.237197950021347,545800
2018-04-24,20.141599655151367,20.325440473917173,20.090124450312004,20.27396526907781,693100
2018-04-25,20.156307220458984,20.18572242465297,20.10483201571364,20.148953419410486,532900
2018-04-26,20.310739517211914,20.347507129418265,20.244556693164878,20.27397050241106,440800
2018-04-27,20.406330108642578,20.43574531177407,20.332793503407935,20.3695625073223,465100
2018-04-30,20.487224578857422,20.60488260953589,20.487224578857422,20.56075979608569,772300
2018-05-01,20.435747146606445,20.465160949784785,20.273966320045847,20.42103954372017,986100
2018-05-02,20.443099975585938,20.590173202354737,20.41368617178872,20.494576586770986,1207900
2018-05-03,20.38426971435547,20.443098720933637,20.200428893474434,20.369563514656544,828800
2018-05-04,20.281320571899414,20.325441978943882,20.04600453086993,20.104833541127302,735500
2018-05-07,20.07541847229004,20.1342474829506,20.046004668256884,20.09012607560374,484700
2018-05-08,20.038650512695312,20.038650512695312,19.950406296965838,20.038650512695312,403800
2018-05-09,19.9283447265625,20.046002736545635,19.89157572182145,20.046002736545635,825000
2018-05-10,20.207782745361328,20.237197950021347,20.119539936569588,20.119539936569588,519400
2018-05-11,20.3548583984375,20.42839501629026,20.310736988763573,20.369566002526916,660700
2018-05-14,20.18572425842285,20.362211291837312,20.14160144812354,20.362211291837312,4238800
2018-05-15,19.825393676757812,19.96511309494785,19.759212270872183,19.943053093850697,2210300
2018-05-16,20.053356170654297,20.053356170654297,19.935698162823503,19.935698162823503,942600
2018-05-17,20.009235382080078,20.046004389853678,19.950406372236547,19.97982157845543,368200
2018-05-18,19.825393676757812,19.928345491389816,19.825393676757812,19.862162682910018,994000
2018-05-21,20.060710906982422,20.075417106701515,19.99452809916696,20.046003304669174,569000
2018-05-22,19.979820251464844,20.060710660600073,19.957758848265925,20.053356859533768,465600
2018-05-23,19.751859664916992,19.751859664916992,19.560665029137976,19.575372632488882,669800
2018-05-24,19.92099380493164,19.950407610381745,19.773920569898166,19.898932398898324,616700
2018-05-25,19.81068992614746,19.83274992997196,19.766567113309776,19.818043728287073,385000
2018-05-29,19.545955657958984,19.634199867488945,19.465065249439363,19.59743086243724,931000
2018-05-30,19.58272361755371,19.59007741869817,19.376822795885595,19.4724194055752,896000
2018-05-31,19.435649871826172,19.45035747265412,19.317991870390646,19.38417467152238,1745800
2018-06-01,19.48712921142578,19.48712921142578,19.325349775736576,19.450361604140063,2383500
2018-06-04,19.693029403686523,19.737150808343472,19.641552795226893,19.685675602478007,2669900
2018-06-05,19.737150192260742,19.759211595197666,19.693028788981017,19.729796391281766,732100
2018-06-06,19.795978546142578,19.795978546142578,19.707734339892543,19.707734339892543,753600
2018-06-07,19.641551971435547,19.766563781548886,19.61949197132938,19.729796179642538,835600
2018-06-08,19.523893356323242,19.568016160354496,19.44300435412074,19.47977195488605,725900
2018-06-11,19.47241973876953,19.501834943850675,19.443005936282564,19.443005936282564,628900
2018-06-12,19.35476303100586,19.384178238073936,19.281226415929932,19.362116832772877,375200
2018-06-13,19.090030670166016,19.21504248776362,18.994434057929823,19.21504248776362,691900
2018-06-14,18.744409561157227,18.86206757200638,18.714995759742,18.84735997000171,914100
2018-06-15,18.582632064819336,18.60469206750906,18.487034044516307,18.58998586658067,654300
2018-06-18,18.37672996520996,18.40614517248246,18.310547151441117,18.384083767028088,550700
2018-06-19,18.328731536865234,18.351229063876325,18.20124030562339,18.23873713758351,586600
2018-06-20,18.246238708496094,18.358730646616486,18.238739055233054,18.343731340090407,938900
2018-06-21,18.043752670288086,18.148746387354063,18.036253016896758,18.126247427180076,684900
2018-06-22,18.058752059936523,18.133747163781315,18.021255223220443,18.103748550078347,758400
2018-06-25,17.833765029907227,17.87126186000249,17.706273805005996,17.833765029907227,906400
2018-06-26,17.946260452270508,17.99875659681185,17.90876218444622,17.97625763611728,978900
2018-06-27,17.706275939941406,17.938759461470994,17.698776286935605,17.901262626854546,964300
2018-06-28,17.841266632080078,17.886263119195043,17.75127222743762,17.75127222743762,1124200
2018-06-29,17.991254806518555,18.021253417215203,17.923759362863585,17.931259015537744,596600
2018-07-02,17.6762752532959,17.69877420967265,17.593780510326862,17.65377772733153,1463800
2018-07-03,17.601280212402344,17.751270394514897,17.601280212402344,17.71377356419295,2182800
2018-07-05,17.81876564025879,17.856262470174247,17.751270202081066,17.826265292324354,862700
2018-07-06,17.526287078857422,17.556284257934657,17.421293376056017,17.466291290290517,563200
2018-07-09,17.7437744140625,17.751274067761262,17.698777922282627,17.713777229680147,734800
2018-07-10,17.991254806518555,18.013753764541043,17.938758668211907,17.953757973560233,648100
2018-07-11,17.653779983520508,17.818768060132008,17.646280330436454,17.766271918956193,1170000
2018-07-12,17.766271591186523,17.788769119611064,17.728773326458057,17.78126946666537,610300
2018-07-13,17.6762752532959,17.721271735637018,17.668775601170317,17.69877420967265,2081500
2018-07-16,17.653779983520508,17.66877785927605,17.60128241193213,17.646280330436454,605000
2018-07-17,17.721275329589844,17.728774983236388,17.61628303936354,17.61628303936354,521400
2018-07-18,17.6762752532959,17.706273861798234,17.608779814578032,17.616279466703613,370200
2018-07-19,17.73627281188965,17.82626721597546,17.691276325053007,17.70627563080273,571600
2018-07-20,17.968759536743164,17.998758153597294,17.916263387661218,17.916263387661218,603400
2018-07-23,17.87876319885254,17.90876037967632,17.863763893234392,17.893762504470686,578700
2018-07-24,17.98375701904297,18.05125246969828,17.946260182195633,17.998756325946957,603100
2018-07-25,18.35873031616211,18.366229969290156,18.178742932326706,18.208741544838894,608000
2018-07-26,18.2612361907959,18.336231285521976,18.2612361907959,18.321231980494268,502400
2018-07-27,18.208740234375,18.283733899433106,18.148744444081032,18.19374092919839,481500
2018-07-30,18.08125114440918,18.156244818356452,18.06625183745467,18.141246941814583,360900
2018-07-31,18.31373405456543,18.351230890257373,18.24623860598986,18.24623860598986,567900
2018-08-01,18.246238708496094,18.29873485092477,18.216241525856535,18.253738361759133,313000
2018-08-02,17.946260452270508,17.99125694324699,17.893764307729164,17.90126396129402,1100800
2018-08-03,17.901264190673828,17.93126137490497,17.83376873813791,17.848766615047143,879000
2018-08-06,17.968759536743164,18.006257807810826,17.92376304187475,17.938762350301815,463000
2018-08-07,18.373729705810547,18.43372550069465,18.36623005264846,18.388729012134718,528300
2018-08-08,18.411226272583008,18.456224190898986,18.351230478574262,18.351230478574262,435300
2018-08-09,18.321231842041016,18.44122342053098,18.298732884669477,18.44122342053098,349300
2018-08-10,17.93875503540039,17.97625186076516,17.871259605414046,17.97625186076516,1242500
2018-08-13,17.73627281188965,17.886263008561823,17.71377528367759,17.85626439706238,752700
2018-08-14,17.80376625061035,17.83376485872852,17.75876976884546,17.818765554669437,509300
2018-08-15,17.63878059387207,17.676277428702313,17.563785493799028,17.661278122605193,888700
2018-08-16,17.766271591186523,17.82626738433953,17.751272285295137,17.751272285295137,363400
2018-08-17,17.80376625061035,17.83376485872852,17.638778197197507,17.638778197197507,491400
2018-08-20,17.826269149780273,17.826269149780273,17.75127404330867,17.75127404330867,345700
2018-08-21,17.93875503540039,17.96125398886657,17.826263128893885,17.826263128893885,581900
2018-08-22,17.946260452270508,17.96875798255242,17.87876500059945,17.886264654164307,236200
2018-08-23,17.991254806518555,18.081249208196013,17.96875584849607,18.021253417215203,987100
2018-08-24,17.991254806518555,17.998754459192718,17.841266044272775,17.841266044272775,414100
2018-08-27,18.141244888305664,18.15624276314984,18.028752959705706,18.043750834549883,460000
2018-08-28,18.171245574951172,18.261239993445045,18.156246266800068,18.24624068529394,388300
2018-08-29,18.223737716674805,18.223737716674805,18.06624930694947,18.06624930694947,273000
2018-08-30,17.901264190673828,18.051252972654897,17.886264883351917,18.051252972654897,946400
2018-08-31,17.84876251220703,17.90126007576626,17.75876954978733,17.818765334871248,445300
2018-09-04,17.668777465820312,17.721273605827122,17.63878028456465,17.713775383322606,545200
2018-09-05,17.48128890991211,17.526286823490967,17.41379346995623,17.526286823490967,616900
2018-09-06,17.39879608154297,17.466291523383035,17.36129781918046,17.44379256596553,996600
2018-09-07,17.241308212280273,17.33880227516044,17.21880925228963,17.2563075189407,508200
2018-09-10,17.166309356689453,17.28630092291647,17.158809704998728,17.278802701638043,502500
2018-09-11,17.203811645507812,17.211311298955493,17.0988179276529,17.143815848338992,1802900
2018-09-12,17.391298294067383,17.42129547676176,17.24880774263444,17.293804231882305,945500
2018-09-13,17.50379180908203,17.563787610287626,17.443796007876436,17.526290770938903,544000
2018-09-14,17.50379180908203,17.59378479568406,17.451295661828727,17.578786918192208,554000
2018-09-17,17.383798599243164,17.47379157752381,17.383798599243164,17.44379439490113,397400
2018-09-18,17.48128890991211,17.548784349867987,17.451291731271947,17.451291731271947,272200
2018-09-19,17.721275329589844,17.728774983236388,17.631282346656633,17.631282346656633,298500
2018-09-20,17.871261596679688,17.901260204643787,17.766269329630042,17.81126581116384,401300
2018-09-21,18.013755798339844,18.051252635531657,17.983757184256277,18.013755798339844,619600
2018-09-24,18.006256103515625,18.036253287117734,17.97625748950087,18.006256103515625,498900
2018-09-25,18.141244888305664,18.171242068406496,18.103746625164025,18.15624276314984,249000
2018-09-26,18.1562442779541,18.291235175701548,18.133746748604594,18.1562442779541,606300
2018-09-27,18.178741455078125,18.253736549851737,18.171241802559518,18.201240412633947,509600
2018-09-28,18.20124053955078,18.291233509576667,18.178741581838075,18.186241234408975,332300
2018-10-01,18.18624496459961,18.201244272817927,18.14874812446657,18.171245656381288,284700
2018-10-02,18.118743896484375,18.156240725004295,18.05124846081867,18.08124706796446,583200
2018-10-03,18.058752059936523,18.208742267626103,18.05125240651078,18.208742267626103,348200
2018-10-04,17.856264114379883,17.938758864284857,17.751271836619008,17.893762378160556,893700
2018-10-05,17.706275939941406,17.8037685681917,17.616281534284358,17.751272427563652,477700
2018-10-08,17.668777465820312,17.668777465820312,17.511289045799888,17.526288351633983,626600
2018-10-09,17.5187931060791,17.556289949685233,17.398801490044004,17.398801490044004,456600
2018-10-10,17.038822174072266,17.301304323762068,17.016324644084303,17.301304323762068,1641100
2018-10-11,16.866331100463867,17.016321279317232,16.761338833513925,16.933826537906647,1481100
2018-10-12,17.11381721496582,17.13631617528312,16.93382982366531,17.083820031622054,722600
2018-10-15,16.9338321685791,17.03882447044006,16.926332514101485,16.95633113201195,551200
2018-10-16,17.128812789916992,17.13631244172211,16.933826134220848,16.94882543783109,578100
2018-10-17,17.038822174072266,17.09131974834034,16.926330232894532,17.09131974834034,540900
2018-10-18,16.828834533691406,17.00132224077704,16.776338399396856,16.97132363237308,750000
2018-10-19,16.903831481933594,17.053820249199255,16.873832870232942,16.993824456210483,457200
2018-10-22,16.96382713317871,17.00882361994118,16.896331687828745,17.00882361994118,436300
2018-10-23,16.866331100463867,16.92632688592274,16.678844092103336,16.716342352022856,573800
2018-10-24,16.54385757446289,16.881334850560002,16.52885969695737,16.866335542641746,500000
2018-10-25,16.701343536376953,16.776338627996378,16.58135196195083,16.611349140351162,626700
2018-10-26,16.476360321044922,16.573854381460542,16.31137224318878,16.37136803790125,807000
2018-10-29,16.311372756958008,16.566355250120477,16.183881510376775,16.53635663661307,791100
2018-10-30,16.446361541748047,16.446361541748047,16.273873827501987,16.28887170191419,517300
2018-10-31,16.67884635925293,16.73884215286701,16.618850565638848,16.6713467062496,461700
2018-11-01,17.18131446838379,17.218811309101298,16.993827403970688,17.038823898914252,858100
2018-11-02,17.25630760192871,17.398798155062803,17.11381704879462,17.3612998882314,665400
2018-11-05,17.098817825317383,17.136316092331366,17.038822028507635,17.053821335313227,429000
2018-11-06,17.068819046020508,17.098816226414044,16.971324991313406,16.97882464401491,256700
2018-11-07,17.34630012512207,17.353799778291037,17.173812393473582,17.188811699811517,535200
2018-11-08,17.083818435668945,17.211309671398286,17.053819824714985,17.181311060444322,372400
2018-11-09,16.866331100463867,16.97132336741381,16.798835663021087,16.95632549385836,517500
2018-11-12,16.671350479125977,16.881336519503265,16.648852945437145,16.851337900700994,389100
2018-11-13,16.783836364746094,16.888830062144006,16.67134444577409,16.70134305371988,598700
2018-11-14,16.753843307495117,16.881334561794013,16.65634923810688,16.85883560030149,501300
2018-11-15,16.941329956054688,16.956329263356935,16.648850615724218,16.66384849261379,969200
2018-11-16,17.1063175201416,17.128816480404474,16.926330129276533,16.941329436118444,520400
2018-11-19,16.776342391967773,16.92633117844599,16.708846937408126,16.903833647201253,527100
2018-11-20,16.498855590820312,16.61884715341148,16.44635946098821,16.551351720652416,555000
2018-11-21,16.776342391967773,16.843836416114705,16.73884412253868,16.783840615440873,532000
2018-11-23,16.701343536376953,16.783836849787164,16.66384527536104,16.66384527536104,319900
2018-11-26,17.023820877075195,17.03131909862286,16.94132613592738,16.94132613592738,373200
2018-11-27,17.023820877075195,17.04631840254289,16.94132613592738,16.94132613592738,460300
2018-11-28,17.316303253173828,17.331302559780553,16.986325659888873,17.0613207625099,480000
2018-11-29,17.196311950683594,17.256307747708057,17.128816500229494,17.188812297253957,612900
2018-11-30,17.196311950683594,17.211311257542867,17.121316846799857,17.143815807088767,481100
2018-12-03,17.728775024414062,17.743774331741996,17.65378134859976,17.706277493834843,724500
2018-12-04,17.34630012512207,17.668778059324726,17.30880328968982,17.653780183399377,609200
2018-12-06,17.25630760192871,17.271306908661273,16.971326495660527,17.12881635552718,1336700
2018-12-07,17.016326904296875,17.29380696736437,16.986328286444806,17.20381397463382,451700
2018-12-10,16.91883087158203,16.98632632353671,16.74634313010348,16.866334726820096,934000
2018-12-11,16.92633056640625,17.016324979369244,16.79883931578273,17.016324979369244,874600
2018-12-12,17.098817825317383,17.196311889141118,17.083819948924415,17.151315399136962,537300
2018-12-13,17.1063175201416,17.21880946063069,17.06882068344945,17.21880946063069,387200
2018-12-14,16.888832092285156,16.956327537864194,16.85883348073335,16.911329620536485,536400
2018-12-17,16.96382713317871,17.128815204916116,16.933828521728714,17.016323272803678,671300
2018-12-18,16.95158576965332,16.997483156840104,16.882738959347332,16.959235577359724,674700
2018-12-19,16.64560317993164,17.020435057803795,16.569106550782827,16.96688785511518,1227100
2018-12-20,16.767993927001953,16.836840733880166,16.63795012057106,16.798591697252515,691900
2018-12-21,16.706798553466797,17.089280202659623,16.63030193181789,16.7450461347654,901300
2018-12-24,16.607351303100586,16.790943765362947,16.607351303100586,16.76034453530202,486100
2018-12-26,16.790945053100586,16.806243210252703,16.546155570994483,16.645601617267648,533200
2018-12-27,16.852142333984375,16.867440491386244,16.637952080789155,16.653251697242755,860700
2018-12-28,16.905691146850586,16.98218777737155,16.875091911021453,16.966888159456982,469900
2018-12-31,16.905691146850586,16.966888159456982,16.852143943201472,16.93628892362785,487600
2019-01-02,16.905691146850586,16.905691146850586,16.714450300074112,16.77564731268051,876200
2019-01-03,16.592060089111328,16.699154521028856,16.56146084624792,16.60735825149083,576100
2019-01-04,17.127531051635742,17.15048048022433,16.875093173369162,16.890392792428223,778100
2019-01-07,17.357017517089844,17.41056471412191,17.21167408296588,17.21167408296588,1038900
2019-01-08,17.464111328125,17.502358907856262,17.37231509409767,17.441161904855257,368100
2019-01-09,17.724201202392578,17.762448786972172,17.586507563423115,17.632404956728994,431700
2019-01-10,17.961336135864258,17.968985943184702,17.724197945136712,17.724197945136712,575600
2019-01-11,17.846593856811523,17.9154406710224,17.823644432390658,17.823644432390658,414000
2019-01-14,17.762447357177734,17.831294171120618,17.69360054323485,17.70125035134536,317500
2019-01-15,17.961336135864258,18.037832750017145,17.900139136352262,17.938388172954483,426500
2019-01-16,18.152578353881836,18.198477201375155,18.03783415325188,18.06843338491409,615100
2019-01-17,18.07608413696289,18.12963279949097,17.907792717601673,17.968989730010467,479800
2019-01-18,18.175527572631836,18.198476996119656,18.091381145561485,18.114330569049304,401300
2019-01-22,17.724201202392578,17.815997448056162,17.66300419163413,17.77774840442474,736000
2019-01-23,17.724201202392578,17.74715062857143,17.632404956728994,17.74715062857143,489400
2019-01-24,17.861896514892578,17.884844484169662,17.7930496889574,17.80834930784343,459400
2019-01-25,17.999588012695312,18.04548540480876,17.915441577944172,17.95368916153008,417100
2019-01-28,17.92308807373047,17.95368584313342,17.83129184741857,17.900138652389614,340100
2019-01-29,17.907791137695312,18.00723718599344,17.884841712922267,18.00723718599344,536500
2019-01-30,18.022539138793945,18.068437998005802,17.816000108548767,17.900145098999747,830300
2019-01-31,18.022539138793945,18.09903577842833,17.94604249915956,17.991941358371417,695600
2019-02-01,17.92308807373047,17.96133565024704,17.877190690100278,17.95368584313342,597000
2019-02-04,17.95368766784668,17.961337475737782,17.80834569507074,17.80834569507074,1030000
2019-02-05,18.121978759765625,18.129628566912267,18.022532725910782,18.030182533057424,547600
2019-02-06,18.022539138793945,18.160232798325428,18.022539138793945,18.121985208034257,598300
2019-02-07,17.838947296142578,17.968991140097728,17.785400088464336,17.930743551485264,924600
2019-02-08,17.846593856811523,17.900141054741823,17.8083462751618,17.85424366495181,471000
2019-02-11,17.823646545410156,17.861895590646075,17.79304876827331,17.838946163504524,833900
2019-02-12,17.915441513061523,17.938390938561028,17.815996920667242,17.838944887114963,1358600
2019-02-13,18.03783416748047,18.14492856027935,18.03018435955888,18.106680979723087,701300
2019-02-14,18.152578353881836,18.20612555023904,18.06078357699854,18.06078357699854,911500
2019-02-15,18.175527572631836,18.18317738046111,18.076081529902936,18.09903095339076,698600
2019-02-19,18.328523635864258,18.34382325509868,18.16023220144159,18.16023220144159,562600
2019-02-20,18.412670135498047,18.52741436198187,18.39737051621967,18.420319945137233,810000
2019-02-21,18.366771697998047,18.420318903392047,18.320874301810605,18.420318903392047,365600
2019-02-22,18.328523635864258,18.351473064715893,18.252028457796133,18.297925856447407,594300
2019-02-25,18.45092010498047,18.51976547706673,18.427970674917,18.46621826597071,563100
2019-02-26,18.351469039916992,18.389718079614365,18.282622227513396,18.32087126721077,597700
2019-02-27,18.183181762695312,18.27497656066627,18.167882143349484,18.267326750993355,577300
2019-02-28,17.95368766784668,18.083731483892084,17.946037859955577,18.083731483892084,560000
2019-03-01,17.98428726196289,18.09903146453926,17.96133783782694,18.09903146453926,866600
2019-03-04,18.129629135131836,18.22907371305195,18.03018309816015,18.198475942557902,937700
2019-03-05,18.129629135131836,18.183176327785095,18.068432135092173,18.09902990558622,762100
2019-03-06,18.03783416748047,18.114330787644672,18.022534551637293,18.114330787644672,472800
2019-03-07,17.907791137695312,18.068434193003156,17.907791137695312,18.060784384745475,601300
2019-03-08,17.793048858642578,17.81599828590069,17.73185184500618,17.762449622298433,910900
2019-03-11,17.938392639160156,17.946040989333287,17.815998609663144,17.815998609663144,787900
2019-03-12,17.98428726196289,18.0301846511831,17.938389872742682,17.938389872742682,745900
2019-03-13,17.915441513061523,17.938390938561028,17.869544121114302,17.877193929614133,897200
2019-03-14,17.92308807373047,17.938387687957704,17.892488845275995,17.930737880844084,494500
2019-03-15,18.1066837310791,18.1066837310791,17.976639894754967,17.976639894754967,805500
2019-03-18,18.144929885864258,18.1678793113056,18.091382685552905,18.144929885864258,753500
2019-03-19,18.22142791748047,18.28262493099389,18.190830140249705,18.229077726551132,357900
2019-03-20,18.19847869873047,18.290273483166562,18.060785063024536,18.1296318808775,1126000
2019-03-21,18.297922134399414,18.320871558582823,18.19082773964691,18.19082773964691,532600
2019-03-22,17.8771915435791,18.15257731755901,17.8771915435791,18.15257731755901,857300
2019-03-25,17.96898651123047,18.02253370511479,17.90778950978388,17.98428612635502,659300
2019-03-26,18.007238388061523,18.259676241209498,17.96898934421981,18.06843539915643,631700
2019-03-27,17.869543075561523,17.953688046032788,17.77774683798632,17.94603823798055,515800
2019-03-28,18.007238388061523,18.01488673777803,17.93074175942993,17.938391568198274,521600
2019-03-29,18.152578353881836,18.167877969712944,18.076081733777972,18.11433077335574,692300
2019-04-01,18.45856475830078,18.466214566789514,18.32852093209585,18.32852093209585,1265100
2019-04-02,18.542709350585938,18.558008966043538,18.47386254007837,18.512111578722372,654100
2019-04-03,18.81045150756836,18.871648525711667,18.76455410872388,18.779852268970703,1163800
2019-04-04,18.841047286987305,18.879296331173936,18.78750008417787,18.795149893015196,756900
2019-04-05,18.856346130371094,18.871645747417507,18.810448738283654,18.841046513324684,378300
2019-04-08,18.917543411254883,18.940492837154164,18.856346401241936,18.856346401241936,484700
2019-04-09,18.87929344177246,18.948140251719817,18.871643634105908,18.93284063638671,493200
2019-04-10,19.001689910888672,19.024639336864915,18.902243857376764,18.902243857376764,861000
2019-04-11,18.86400032043457,18.93284715408268,18.84870069983452,18.93284715408268,431400
2019-04-12,19.00933837890625,19.032286344212263,18.97108933831004,19.024637995144733,433600
2019-04-15,18.917543411254883,18.971090612634733,18.87929582714122,18.963442263053448,397000
2019-04-16,18.971092224121094,18.9863918426869,18.94049444604142,18.978742033403996,375900
2019-04-17,19.101133346557617,19.12408277114161,19.039936340052034,19.085835189220017,469900
2019-04-18,19.055238723754883,19.10113612053663,19.01699113627875,19.039939105143656,369400
2019-04-22,19.047584533691406,19.062884148783873,19.016986762558076,19.02463657010431,228900
2019-04-23,19.07818603515625,19.0858358436132,18.98638979272461,18.98638979272461,472300
2019-04-24,18.955791473388672,19.05523606236866,18.902242815728354,19.001688863760073,753400
2019-04-25,18.940492630004883,18.95579224710374,18.848696386463523,18.87164581211181,745300
2019-04-26,19.085838317871094,19.085838317871094,19.00169187298779,19.04758927062779,516700
2019-04-29,19.32297134399414,19.330621151372057,19.25412453664445,19.277073958778203,471000
2019-04-30,19.231178283691406,19.254127709607086,19.154683115409433,19.231178283691406,506900
2019-05-01,19.185279846191406,19.422418064866314,19.185279846191406,19.34592290074983,1288000
2019-05-02,19.185279846191406,19.23117723647164,19.124082839467178,19.200579462635396,570100
2019-05-03,19.38416862487793,19.407118047344262,19.284722586575416,19.284722586575416,291300
2019-05-06,18.841047286987305,18.863996713499283,18.588609431562933,18.642158093424218,704500
2019-05-07,18.67275619506836,18.795150220494424,18.611559182355325,18.787500411523812,1109500
2019-05-08,18.603906631469727,18.718650831013743,18.603906631469727,18.665103635163312,654300
2019-05-09,18.55801010131836,18.61155729964404,18.351469657160674,18.504462902992675,1105200
2019-05-10,18.657455444335938,18.71865245333338,18.435616833864618,18.558010851859507,743800
2019-05-13,18.091381072998047,18.190827115328073,18.04548368525815,18.099030880796636,3740200
2019-05-14,18.313220977783203,18.38206778837669,18.305571170044857,18.313220977783203,897400
2019-05-15,18.274972915649414,18.31322195638506,18.160228711545905,18.206126101376967,1057600
2019-05-16,18.351469039916992,18.473863048845235,18.328519616098568,18.382068271674893,560000
2019-05-17,18.091381072998047,18.198476923126663,18.076081457400864,18.106680688595226,974800
2019-05-20,18.068431854248047,18.106679431534,18.014883203375543,18.076080202464,576400
2019-05-21,18.0607852935791,18.0607852935791,17.968989048919394,17.9995882834899,688800
2019-05-22,17.869543075561523,17.92309027287552,17.861893267509284,17.907790656771034,507400
2019-05-23,17.739501953125,17.739501953125,17.62475773300401,17.701252907050055,520700
2019-05-24,17.800695419311523,17.88484038579867,17.78539580393145,17.854242614090154,438900
2019-05-28,17.59415626525879,17.777747285983978,17.59415626525879,17.754797861248928,717600
2019-05-29,17.609458923339844,17.609458923339844,17.51001285802956,17.601809113773516,573200
2019-05-30,17.609458923339844,17.617108732906175,17.540612096294875,17.563560065941875,552900
2019-05-31,17.47176170349121,17.52530890047524,17.364667309523153,17.41056469850208,650200
2019-06-03,17.555906295776367,17.586504065543913,17.48705948998497,17.532956874162057,1142100
2019-06-04,17.670656204223633,17.68595582358435,17.609459185832765,17.609459185832765,1120000
2019-06-05,17.58650779724121,17.716551629213363,17.56355837075724,17.685953852953244,1000100
2019-06-06,17.731849670410156,17.785396868393605,17.724199862262278,17.724199862262278,551200
2019-06-07,17.8771915435791,17.991935737658363,17.8771915435791,17.8771915435791,880800
2019-06-10,17.9919376373291,18.045484836283077,17.930740630088597,17.97663802075604,447600
2019-06-11,18.152578353881836,18.190827393459603,18.121980581271295,18.16022816179739,542900
2019-06-12,18.099035263061523,18.183181710168494,18.068437483510262,18.17553190051768,497100
2019-06-13,18.190826416015625,18.23672380199108,18.14492757098858,18.206124571973046,258700
2019-06-14,18.152578353881836,18.221425166070144,18.129630389186847,18.16022816179739,263300
2019-06-17,18.185331344604492,18.232119945931263,18.185331344604492,18.20092804084102,303200
2019-06-18,18.551847457885742,18.583039364974482,18.395883460293298,18.41927850614704,825800
2019-06-19,18.848175048828125,18.91056034304182,18.707807765001625,18.71560611270118,777800
2019-06-20,19.074321746826172,19.136708530268084,19.03533149455776,19.136708530268084,619300
2019-06-21,19.082124710083008,19.1289148089814,19.050932798200556,19.07432636026661,575800
2019-06-24,19.0665283203125,19.121115278272935,19.058729970977716,19.082123531599017,660500
2019-06-25,18.91056251525879,19.04313146661365,18.887167469472786,19.04313146661365,928900
2019-06-26,19.02753448486328,19.09771813378877,19.019736136384573,19.066526227256826,588500
2019-06-27,19.222488403320312,19.23028675166459,19.1756998006375,19.21469005497603,605200
2019-06-28,19.261478424072266,19.277073631984564,19.21468833818718,19.277073631984564,1070600
2019-07-01,19.472028732299805,19.557809072877973,19.35505648711863,19.495423776289158,1392600
2019-07-02,19.440837860107422,19.472029766366884,19.386250908616205,19.472029766366884,905100
2019-07-03,19.401845932006836,19.433039325350055,19.370654026046477,19.386250722718085,477800
2019-07-05,19.24588394165039,19.261480638738714,19.13671003679794,19.199095337768327,674900
2019-07-08,19.10551643371582,19.136709827551385,19.082121388339147,19.128911479092494,827100
2019-07-09,19.10551643371582,19.136709827551385,19.02753443650979,19.03533278496868,667700
2019-07-10,19.19129753112793,19.27707639277003,19.19129753112793,19.238086136331162,633400
2019-07-11,19.214691162109375,19.323866557837007,19.183499254317873,19.323866557837007,788000
2019-07-12,19.261478424072266,19.261478424072266,19.152303044389797,19.199093130274882,582300
2019-07-15,19.277074813842773,19.2848731619684,19.23808456059748,19.26927646571715,226600
2019-07-16,19.199094772338867,19.284873629032578,19.199094772338867,19.24588337484297,259800
2019-07-17,19.19129753112793,19.26927804400567,19.19129753112793,19.222489438802437,284800
2019-07-18,19.339462280273438,19.339462280273438,19.191298111419304,19.191298111419304,540400
2019-07-19,19.261478424072266,19.36285396872449,19.261478424072266,19.35505562107698,484600
2019-07-22,19.24588394165039,19.300470894076618,19.24588394165039,19.261480638738714,284000
2019-07-23,19.30047035217285,19.323865397148467,19.269276958872034,19.269276958872034,306700
2019-07-24,19.316068649291992,19.339462208823065,19.284875253406586,19.30827030032064,161700
2019-07-25,19.230287551879883,19.370654853152175,19.230287551879883,19.370654853152175,412500
2019-07-26,19.175701141357422,19.25368314286967,19.167902792467903,19.245884793980146,411400
2019-07-29,19.19129753112793,19.19129753112793,19.105517182102886,19.128912228395972,265900
2019-07-30,19.113313674926758,19.121112022933886,19.07432193489112,19.121112022933886,348800
2019-07-31,18.848175048828125,19.05872597456787,18.707807765001625,19.035330931469208,1200800
2019-08-01,18.622028350830078,19.027533527012373,18.590836445868337,18.855974331265777,1931700
2019-08-02,18.52065658569336,18.567445196389944,18.442674576276975,18.544051634733208,1023200
2019-08-05,17.935789108276367,18.177531936312057,17.896798857341903,18.16193672836791,1018600
2019-08-06,18.107349395751953,18.208726434158223,18.02157054100375,18.154139484577687,835600
2019-08-07,18.21652603149414,18.239919590128398,17.99037838214348,18.0683603814845,848600
2019-08-08,18.193126678466797,18.255511965694037,18.13853973806578,18.154136431718236,998600
2019-08-09,18.052764892578125,18.185333854117044,18.00597628479469,18.185333854117044,679200
2019-08-12,17.857812881469727,17.959189946424544,17.834419318313394,17.89680463236897,633600
2019-08-13,18.25551414489746,18.31789943957178,17.92799097601159,17.97477957517164,1727400
2019-08-14,17.678451538085938,17.873405789062897,17.662854841035887,17.857809092012847,933800
2019-08-15,17.72524070739746,17.80322270775293,17.67845210213736,17.772030800040508,1240600
2019-08-16,17.865610122680664,17.873408472376447,17.740839502314376,17.764234551401728,568700
2019-08-19,17.842214584350586,17.966986688678677,17.842214584350586,17.966986688678677,1131500
2019-08-20,17.88120460510254,17.966984953737704,17.8656079076447,17.966984953737704,601100
2019-08-21,17.896800994873047,17.96698464484376,17.8890026462782,17.951387947654066,683600
2019-08-22,17.842214584350586,17.89680303072422,17.77203241377921,17.842214584350586,702300
2019-08-23,17.491296768188477,17.77982824538225,17.444508161391674,17.67845268275868,1319100
2019-08-26,17.538082122802734,17.54588047038661,17.467898481930572,17.53028377521886,1133400
2019-08-27,17.514686584472656,17.608265265448637,17.499091377128888,17.569275016015204,827600
2019-08-28,17.452301025390625,17.467897719877957,17.366522180475606,17.366522180475606,655800
2019-08-29,17.686250686645508,17.717442594773676,17.639462080761774,17.639462080761774,630600
2019-08-30,17.811019897460938,17.818818245727293,17.694047648231265,17.787624852661864,1611900
2019-09-03,17.678451538085938,17.701846583661016,17.616066237268626,17.616066237268626,648300
2019-09-04,18.029373168945312,18.029373168945312,17.927996106474204,17.943592806451786,573800
2019-09-05,18.13854217529297,18.177532427280546,18.107348783796688,18.130743827418897,587400
2019-09-06,18.200929641723633,18.23991989836157,18.1775345953111,18.1775345953111,528800
2019-09-09,18.200929641723633,18.255516595969926,18.193131292919457,18.23991989836157,443300
2019-09-10,18.341297149658203,18.341297149658203,18.232121752567032,18.27891184591309,497200
2019-09-11,18.47386360168457,18.512853853471054,18.42707351468147,18.450468558183022,2149700
2019-09-12,18.536251068115234,18.62202992956929,18.497259324378902,18.536251068115234,1206700
2019-09-13,18.676616668701172,18.715606921501177,18.645423276554926,18.645423276554926,492900
2019-09-16,18.52845001220703,18.590835305687214,18.520651664599168,18.58303695807935,564000
2019-09-17,18.51285743713379,18.544050834507512,18.4114818704353,18.41928021977873,431900
2019-09-18,18.349096298217773,18.42707681576039,18.263315944061254,18.39588490621995,834900
2019-09-19,18.2633113861084,18.341293371572178,18.232117996969823,18.325696677002888,465700
2019-09-20,18.20872688293457,18.364689387382438,18.20872688293457,18.33349748144601,1447800
2019-09-23,18.193126678466797,18.216521718945476,18.130741391239553,18.130741391239553,470400
2019-09-24,18.193126678466797,18.356888987052415,18.177529984814342,18.31789725292128,890300
2019-09-25,18.07615852355957,18.099552081926458,17.966984618159678,18.06056182639304,605700
2019-09-26,18.083955764770508,18.138542714127816,18.044964024241846,18.083955764770508,584600
2019-09-27,17.966983795166016,18.083956043791154,17.896800148514362,18.083956043791154,998200
2019-09-30,18.09175682067871,18.09175682067871,18.021573164605513,18.068361772859966,554900
2019-10-01,18.083955764770508,18.161937758445013,18.052762372347576,18.130744366022086,1015500
2019-10-02,17.77982521057129,17.826615296764558,17.717439916363006,17.826615296764558,915800
2019-10-03,17.927993774414062,17.927993774414062,17.795424816615437,17.842213423078782,753300
2019-10-04,17.927993774414062,17.927993774414062,17.8188198635386,17.8188198635386,490500
2019-10-07,17.920194625854492,18.01377332198875,17.90459792860163,17.927992974480922,717200
2019-10-08,17.8734073638916,17.95138936862997,17.85001231625518,17.912397622569273,739400
2019-10-09,17.935789108276367,17.966982498930122,17.881202162015022,17.951385803603245,521000
2019-10-10,18.099552154541016,18.11514885177012,17.95918634162783,17.95918634162783,552600
2019-10-11,18.2711124420166,18.356892787481637,18.216525490314446,18.216525490314446,1040000
2019-10-14,18.2633113861084,18.302301635148957,18.255513038823754,18.302301635148957,193000
2019-10-15,18.341297149658203,18.34909549854921,18.177534797712934,18.26331514813107,301200
2019-10-16,18.388084411621094,18.41927780490518,18.317900764114754,18.356892505719863,358500
2019-10-17,18.41927719116211,18.481662488268707,18.372487102795056,18.450469096024005,208300
2019-10-18,18.247716903686523,18.31790055037393,18.23212020722647,18.29450550568385,741600
2019-10-21,18.52065658569336,18.53625328505326,18.497261536653507,18.50505988633346,480100
2019-10-22,18.575241088867188,18.614232832108964,18.53625083300833,18.58303943751554,431700
2019-10-23,18.505056381225586,18.536249774036936,18.45046943118856,18.45046943118856,367700
2019-10-24,18.61423110961914,18.65322136186999,18.57523936998551,18.57523936998551,453300
2019-10-25,18.79358673095703,18.816980284965943,18.692209705642988,18.707806399904015,401100
2019-10-28,18.90276336669922,18.957350317173532,18.84817641622491,18.84817641622491,296000
2019-10-29,18.809185028076172,18.84817527966873,18.77799163689592,18.77799163689592,258000
2019-10-30,18.933958053588867,18.933958053588867,18.785792401188985,18.840379355393427,275400
2019-10-31,18.95734977722168,18.972946473308063,18.887166132215754,18.9417545685181,476500
2019-11-01,19.152307510375977,19.1990976071717,19.097720551497375,19.10551890096333,818700
2019-11-04,19.214691162109375,19.26927811628172,19.214691162109375,19.22248951090299,423300
2019-11-05,19.30047035217285,19.34725895474122,19.245883401279276,19.34725895474122,674900
2019-11-06,19.269277572631836,19.323866012647006,19.23808566572036,19.30047096692622,435700
2019-11-07,19.417444229125977,19.448637625040252,19.39405066957325,19.409645880147405,825800
2019-11-08,19.292673110961914,19.323866506052774,19.253682854481287,19.2848747621892,592300
2019-11-11,19.199094772338867,19.214689981585,19.121112776576798,19.12891112489129,286900
2019-11-12,19.183500289916992,19.253683945465344,19.167903591487796,19.230288897821552,426400
2019-11-13,19.144506454467773,19.175699847921805,19.08991950330608,19.113314548396605,588000
2019-11-14,19.152307510375977,19.152307510375977,19.074325503099512,19.121115599895237,350700
2019-11-15,19.222488403320312,19.261480145041705,19.1756998006375,19.1756998006375,374700
2019-11-18,19.292673110961914,19.33166485482549,19.26927806464377,19.292673110961914,178900
2019-11-19,19.19129753112793,19.245884485095523,19.15230578730612,19.245884485095523,417200
2019-11-20,19.113313674926758,19.17569897160098,19.050928378252536,19.12891037094101,676500
2019-11-21,18.95734977722168,18.972946473308063,18.926157872431716,18.96514812526487,442000
2019-11-22,19.10551643371582,19.10551643371582,19.02753443650979,19.066526178804246,777200
2019-11-25,19.082124710083008,19.082124710083008,18.941758875537264,18.957354087786918,586700
2019-11-26,19.019737243652344,19.02753559258505,18.94955359064099,18.988545335304504,638200
2019-11-27,18.99634552001953,18.99634552001953,18.926161860225715,18.941758559598366,360700
2019-11-29,18.777990341186523,18.80138538295742,18.762393646672592,18.762393646672592,512800
2019-12-02,18.684415817260742,18.77019616878392,18.684415817260742,18.77019616878392,749500
2019-12-03,18.536251068115234,18.536251068115234,18.41927881167211,18.5206543706207,890100
2019-12-04,18.676616668701172,18.72340526953774,18.66881832066461,18.676616668701172,513400
2019-12-05,18.77019500732422,18.777993355833143,18.707809706635718,18.73120475216249,393200
2019-12-06,18.95734977722168,18.96514812526487,18.91056117634533,18.9417545685181,691700
2019-12-09,18.746801376342773,18.832580234841874,18.746801376342773,18.824781886363247,324300
2019-12-10,18.73900032043457,18.777990569811458,18.70000858367501,18.715605278378835,303100
2019-12-11,18.97294807434082,18.97294807434082,18.793590516360716,18.809187213763227,384300
2019-12-12,19.183500289916992,19.183500289916992,18.96515097405734,18.980747672486537,875400
2019-12-13,19.136709213256836,19.253681461619593,19.09771747221403,19.152304422291124,811600
2019-12-16,19.162378311157227,19.210505939602857,19.15435703974962,19.162378311157227,403100
2019-12-17,19.09018898010254,19.09018898010254,19.034041608439477,19.034041608439477,500600
2019-12-18,19.17841911315918,19.19446165451822,19.13029301898301,19.15435530112062,684800
2019-12-19,19.218521118164062,19.218521118164062,19.14633275243707,19.194458839555306,385000
2019-12-20,19.23456382751465,19.23456382751465,19.178416470395998,19.194459009544396,449700
2019-12-23,19.242586135864258,19.242586135864258,19.19446004572181,19.210502585736233,247300
2019-12-24,19.21050262451172,19.242586174704503,19.170396274394708,19.21050262451172,167500
2019-12-26,19.29071617126465,19.29071617126465,19.22654752798427,19.25061134292734,388500
2019-12-27,19.266651153564453,19.290713435193545,19.226544801014434,19.290713435193545,435400
2019-12-30,19.202486038208008,19.32280205810393,19.178422222268345,19.32280205810393,341700
2019-12-31,19.362903594970703,19.378946136202057,19.282693948615815,19.282693948615815,256600
2020-01-02,19.611560821533203,19.611560821533203,19.499264548916585,19.499264548916585,807400
2020-01-03,19.338844299316406,19.467181589183113,19.290716668190512,19.338844299316406,495300
2020-01-06,19.322799682617188,19.322799682617188,19.20248367751255,19.23456723158665,268100
2020-01-07,19.41103172302246,19.42707273476967,19.378946639726088,19.41103172302246,534000
2020-01-08,19.531347274780273,19.563430827435152,19.411031274997832,19.427072286374802,376500
2020-01-09,19.41905403137207,19.45113911891047,19.378949201850254,19.43509657514127,744700
2020-01-10,19.491241455078125,19.579473904620688,19.491241455078125,19.53936908022915,1262900
2020-01-13,19.619579315185547,19.643643128480015,19.49124203741712,19.49124203741712,617500
2020-01-14,19.67572784423828,19.683749115186153,19.59551666466055,19.59551666466055,688900
2020-01-15,19.531347274780273,19.555409556796196,19.50728346286341,19.523326004141317,492400
2020-01-16,19.65968132019043,19.65968132019043,19.611555234152334,19.63561751222104,473500
2020-01-17,19.683744430541992,19.683744430541992,19.61155453909301,19.651659354386606,322200
2020-01-21,19.394989013671875,19.475200191318272,19.378946472162404,19.443115108299327,516500
2020-01-22,19.435094833374023,19.531348557461808,19.435094833374023,19.483222460368435,512000
2020-01-23,19.282695770263672,19.282695770263672,19.154356958189542,19.250610684769867,610800
2020-01-24,19.218521118164062,19.370922178922665,19.186437570052146,19.338838630810745,662900
2020-01-27,18.57683753967285,18.657048716387344,18.472564080874672,18.568816269011307,763600
2020-01-28,18.897682189941406,18.921746003802113,18.809451265587608,18.841534820834152,800000
2020-01-29,18.777362823486328,18.857573992114407,18.72121546441691,18.857573992114407,692800
2020-01-30,18.777362823486328,18.80142663304499,18.61694048623017,18.72121546441691,974900
2020-01-31,18.36026954650879,18.472565816419984,18.264017349329013,18.464544545004824,874500
2020-02-03,18.320161819458008,18.408394261157508,18.29609800902155,18.29609800902155,929700
2020-02-04,18.48860740661621,18.576839865036785,18.48860740661621,18.496628678281823,679100
2020-02-05,18.64902687072754,18.761321596724923,18.592879507728846,18.737259315383138,725100
2020-02-06,18.632984161376953,18.69715279420951,18.592879339569436,18.69715279420951,826500
2020-02-07,18.1757869720459,18.24797689313612,18.16776569971351,18.24797689313612,622900
2020-02-10,18.264013290405273,18.296096839034714,18.207865932878192,18.207865932878192,760300
2020-02-11,18.44849967956543,18.496625772096394,18.376309775818537,18.392352316629157,648900
2020-02-12,18.881637573242188,18.881637573242188,18.689130158903442,18.69715142865929,1123000
2020-02-13,18.544754028320312,18.62496367531289,18.512668945602524,18.552773769098813,1045300
2020-02-14,18.496625900268555,18.57683707497658,18.472563618786783,18.57683707497658,371400
2020-02-18,18.36026954650879,18.440480730759333,18.344228533579553,18.392354632169443,589800
2020-02-19,18.472564697265625,18.52871206386901,18.472564697265625,18.504648251081417,381300
2020-02-20,18.191823959350586,18.288076138132944,18.103591520549426,18.264013858387752,704300
2020-02-21,18.167760848999023,18.27203583157782,18.14369856832765,18.19182465957125,839100
2020-02-24,17.814834594726562,17.91910958892185,17.72660367260097,17.7667084981216,1448300
2020-02-25,17.86296272277832,18.10359474246049,17.766708996964812,18.06348991581382,1907700
2020-02-26,17.87900161743164,18.01535861216897,17.85493780841289,17.967232524032223,1132100
2020-02-27,17.614307403564453,17.830877133092137,17.606287662382858,17.72660366882012,1823600
2020-02-28,17.510034561157227,17.51805583252472,17.060854073885103,17.165127541860368,3594200
2020-03-02,17.48596954345703,17.493990814272404,17.301484904406383,17.349610999397644,1635500
2020-03-03,17.526079177856445,17.73462766838683,17.43784671227402,17.526079177856445,1804600
2020-03-04,17.646390914916992,17.646390914916992,17.477948826899755,17.614305833446533,501100
2020-03-05,17.32554817199707,17.46190671176824,17.277422078519283,17.381695536037977,619000
2020-03-06,17.165128707885742,17.213254809458828,17.08491751866314,17.125023878225033,1707500
2020-03-09,15.881755828857422,16.098325602044895,15.737377509967107,15.945924480553561,2130200
2020-03-10,16.611671447753906,16.643756532047693,16.274787242075273,16.46729315813493,2200300
2020-03-11,15.841647148132324,16.074259410229516,15.785499782771199,16.074259410229516,1286400
2020-03-12,14.470041275024414,14.855053073010206,14.30961892757989,14.734737077377257,2472000
2020-03-13,15.119750022888184,15.392467116301416,14.638484473929479,15.312255936491464,1471500
2020-03-16,13.64387035369873,14.141176934077508,13.355110707091013,13.724081536634326,1222200
2020-03-17,13.972734451293945,14.036903089937619,13.459385342144554,13.61178490273514,1147400
2020-03-18,13.339066505432129,13.539593672879342,13.002180802924778,13.194688229986872,1136200
2020-03-19,12.82571792602539,13.01822383038645,12.633212021664331,12.785612338045887,1372400
2020-03-20,12.721443176269531,13.098434463739153,12.657274544140716,13.09041319348544,1275400
2020-03-23,12.264241218566895,12.440705335618695,12.11184091176108,12.440705335618695,956200
2020-03-24,13.19468879699707,13.250836161510948,13.082392538068373,13.130520161852504,1698300
2020-03-25,13.940648078918457,14.109091695982205,13.772205991755591,13.812310813489354,1471600
2020-03-26,14.510146141052246,14.574314774244979,14.101070530735742,14.101070530735742,1311400
2020-03-27,13.908564567565918,14.085027925563896,13.764184761067169,13.956690659765204,1283700
2020-03-30,13.924607276916504,13.94064828790996,13.603762578632917,13.691995023650994,1265500
2020-03-31,13.916587829589844,14.028882570759551,13.78825054542415,13.860440459004991,856100
2020-04-01,13.323026657104492,13.611784763088064,13.315005386118697,13.579701209045894,668700
2020-04-02,13.764184951782227,13.780227492704567,13.435320512378759,13.475425334783706,731700
2020-04-03,13.098434448242188,13.2989616146451,13.010202005456629,13.266878063569084,874500
2020-04-06,13.84439754486084,13.884502371374552,13.579701712127566,13.667934166339013,602500
2020-04-07,14.117114067077637,14.478062080528732,14.093050254220495,14.445978526620213,1109600
2020-04-08,14.317641258239746,14.333683800152413,14.125135344990763,14.189303982740425,342500
2020-04-09,14.357747077941895,14.574316819065588,14.341704534917671,14.445979534674017,570000
2020-04-13,14.47806167602539,14.502125488210211,14.357745674903208,14.486082946753664,523300
2020-04-14,14.871094703674316,14.903178253259284,14.774840995117826,14.790883534860706,542700
2020-04-15,14.357747077941895,14.470043349210352,14.285557164233996,14.454000806186128,809700
2020-04-16,14.47806167602539,14.526189300395032,14.373788216359754,14.470041935198077,553700
2020-04-17,14.494105339050293,14.590359065336825,14.405872884112728,14.590359065336825,640500
2020-04-20,14.40587043762207,14.550250237581892,14.365765617589151,14.389829427549394,455400
2020-04-21,13.956690788269043,14.101070596097145,13.924607236474412,14.093049325673261,510700
2020-04-22,14.157217025756836,14.189302105336951,14.11711220618249,14.189302105336951,243900
2020-04-23,14.165239334106445,14.341702695031227,14.133155782075082,14.269514320485431,483400
2020-04-24,14.157217025756836,14.157217025756836,14.004815957552882,14.133154745972547,595200
2020-04-27,14.397852897644043,14.397852897644043,14.277535359358156,14.309620444208006,368100
2020-04-28,14.437956809997559,14.598379164291247,14.421914268587999,14.558272810767349,436400
2020-04-29,14.78286361694336,14.790884887548378,14.638483805854886,14.646505076459906,618400
2020-04-30,14.855056762695312,15.007456347729498,14.774845569050267,14.90318286692183,1359200
2020-05-01,14.40587043762207,14.566292777555388,14.373786887575898,14.534209227509216,478400
2020-05-04,14.566292762756348,14.582335302713544,14.445976772879007,14.49410286284978,560600
2020-05-05,14.59837818145752,14.702651633797554,14.582335641128022,14.638483002380413,585300
2020-05-06,14.494105339050293,14.710675075769181,14.486084067701325,14.678589990373311,820700
2020-05-07,14.662549018859863,14.686611303073438,14.55827402093077,14.59838037778853,734900
2020-05-08,14.77484130859375,14.798905118718631,14.670567857854257,14.670567857854257,417500
2020-05-11,14.822969436645508,14.85505452122273,14.734738513860227,14.758800797392105,401700
2020-05-12,14.758800506591797,14.943285149572706,14.758800506591797,14.855054228525884,696000
2020-05-13,14.58233642578125,14.77484233039112,14.510146520314933,14.766821059794758,714600
2020-05-14,14.389833450317383,14.389833450317383,14.101073769673164,14.165242417605075,604500
2020-05-15,14.173260688781738,14.253471864187988,14.14117560665887,14.22138678206512,734000
2020-05-18,14.718696594238281,14.766822693239023,14.502126853883286,14.502126853883286,772900
2020-05-19,14.766819953918457,14.871094933961142,14.758798683922802,14.758798683922802,795000
2020-05-20,14.871094703674316,14.927242062873606,14.822967084445674,14.871094703674316,583700
2020-05-21,14.638482093811035,14.758798079012891,14.598377275377334,14.726714530246083,694000
2020-05-22,14.381810188293457,14.46202136958604,14.34972510381601,14.46202136958604,608200
2020-05-26,14.670568466186523,14.758799380501362,14.654525925438048,14.750778110127124,667700
2020-05-27,14.60639762878418,14.61441889878806,14.470040628420698,14.61441889878806,884700
2020-05-28,14.57431411743164,14.742756198258633,14.550250307356002,14.614418937656879,1340800
2020-05-29,14.630463600158691,14.670569956103012,14.44597895251796,14.598380045304284,1586300
2020-06-01,15.0234956741333,15.03953821540596,14.814947227291558,14.830989768564217,693000
2020-06-02,15.336318969726562,15.400487604332074,15.248086523431136,15.280170075783428,1233900
2020-06-03,15.978006362915039,16.034153730636916,15.857690356382301,15.889773910837219,2543600
2020-06-04,15.833624839782715,15.945919563146147,15.761434937648833,15.81758229933055,955600
2020-06-05,16.258743286132812,16.314890648863567,16.19457465302611,16.242700745380912,994400
2020-06-08,16.46729278564453,16.483333797527553,16.306870427606395,16.38708160662546,754100
2020-06-09,16.34697723388672,16.403126136937612,16.226661215722867,16.27478884690935,910000
2020-06-10,16.42718505859375,16.49937496068891,16.290826524625214,16.435206328815532,1002200
2020-06-11,15.4085111618042,15.801545867259298,15.40049141915527,15.777482049608587,1211400
2020-06-12,15.576951026916504,15.673204744145337,15.38444512235977,15.60903457939216,1922500
2020-06-15,15.495016098022461,15.543691107031988,15.235413986837477,15.34898952364325,1168000
2020-06-16,15.559916496276855,15.835744123952198,15.446340960416642,15.835744123952198,1278200
2020-06-17,15.6248140335083,15.697827306117945,15.592363002414979,15.632926791281632,905800
2020-06-18,15.551802635192871,15.624815916602033,15.503127630036934,15.53557711769072,492500
2020-06-19,15.251633644104004,15.527461196053455,15.186733134665909,15.527461196053455,1061400
2020-06-22,15.495016098022461,15.527465588245265,15.357102283036609,15.381439013866054,709000
2020-06-23,15.495016098022461,15.592366116041513,15.47879057923574,15.559916625818708,807600
2020-06-24,15.251633644104004,15.470673443713897,15.227296920158594,15.43822396266995,960300
2020-06-25,15.300312995910645,15.316536965736322,15.08127315608392,15.11372264308576,1112100
2020-06-26,15.121835708618164,15.316537276632715,15.097498979710416,15.308426065230476,994700
2020-06-29,15.138059616088867,15.138059616088867,15.000145826661141,15.073159100319957,1194200
2020-06-30,15.227298736572266,15.275973737619564,15.162398219392404,15.194847704307143,786000
2020-07-01,15.324650764465332,15.357101801020226,15.23541350864055,15.300314034399749,768300
2020-07-02,15.511239051818848,15.616701811791582,15.486900777663424,15.535575778623889,1009800
2020-07-06,15.96554183959961,15.973654597228812,15.827628054603768,15.892528568287087,1564100
2020-07-07,15.681605339050293,15.81951915770379,15.673492579441184,15.754618628181596,620900
2020-07-08,15.851968765258789,15.851968765258789,15.673491164670066,15.697829441300494,2047000
2020-07-09,15.649153709411621,15.778954750717899,15.551802154756679,15.770841992217449,1356400
2020-07-10,15.592364311218262,15.632928103489787,15.519351032479975,15.624815345035481,713300
2020-07-13,15.511239051818848,15.746502845919743,15.478788019611615,15.641040085947006,1152100
2020-07-14,15.608588218688965,15.649152006777863,15.41388667791315,15.41388667791315,2847900
2020-07-15,15.787067413330078,15.860080699196505,15.71405567481426,15.835743968808101,1128300
2020-07-16,15.559916496276855,15.584253226903687,15.470677691043473,15.52746545897358,629200
2020-07-17,15.551802635192871,15.600477640348807,15.527464358939644,15.600477640348807,603000
2020-07-20,15.649153709411621,15.657264920561605,15.519351120754877,15.559914913257131,470000
2020-07-21,15.649153709411621,15.70594147156431,15.592364399908467,15.657264920561605,980800
2020-07-22,15.503127098083496,15.55991486004197,15.454450547247266,15.535576584623854,1243800
2020-07-23,15.46256160736084,15.632926421874387,15.430112124384632,15.551800393408426,987900
2020-07-24,15.389549255371094,15.430113045701242,15.332761496259268,15.332761496259268,801300
2020-07-27,15.519351959228516,15.543690236044807,15.430114705603216,15.486902470824012,1049700
2020-07-28,15.397664070129395,15.470677355125789,15.37332734003099,15.470677355125789,692300
2020-07-29,15.454449653625488,15.478787927636292,15.381436378943446,15.47067516963269,850800
2020-07-30,15.243524551391602,15.275974036942166,15.056934206911802,15.194848002040134,1621100
2020-07-31,15.11372184753418,15.202960639955256,15.01637184430246,15.202960639955256,1478500
2020-08-03,15.016371726989746,15.048821212030013,14.959583967656487,14.992033452696754,840400
2020-08-04,15.243524551391602,15.243524551391602,15.089385239812781,15.113721967138101,579000
2020-08-05,15.397664070129395,15.470677355125789,15.37332734003099,15.40577682927906,776100
2020-08-06,15.535577774047852,15.551803292235508,15.4463405187169,15.470677248647805,1086500
2020-08-07,15.381439208984375,15.41389024696947,15.292201949226683,15.357102477846212,979200
2020-08-10,15.381439208984375,15.389551968480648,15.284089189730409,15.389551968480648,711900
2020-08-11,15.251633644104004,15.38954742007873,15.243522434355667,15.38954742007873,687100
2020-08-12,15.64104175567627,15.69782952075081,15.535577437094512,15.535577437094512,1055300
2020-08-13,15.6248140335083,15.811402820243913,15.60047576018831,15.77895333650092,2536400
2020-08-14,15.770841598510742,15.778954356808663,15.705941079477792,15.705941079477792,652900
2020-08-17,15.697829246520996,15.697829246520996,15.632928723662353,15.649154241214644,433700
2020-08-18,15.576136589050293,15.657261059347881,15.51123608440217,15.641037093698415,680600
2020-08-19,15.438225746154785,15.592363506782988,15.422000230083276,15.592363506782988,473800
2020-08-20,15.486899375915527,15.503124890550541,15.267859570393563,15.300310599663591,527200
2020-08-21,15.389549255371094,15.397662013437124,15.300312011345532,15.365212528523388,940800
2020-08-24,15.397664070129395,15.43822786587772,15.34087630343233,15.43822786587772,510900
2020-08-25,15.54369068145752,15.576141718142477,15.49501567378068,15.49501567378068,951100
2020-08-26,15.568028450012207,15.584252420473687,15.470676890490605,15.511240685020667,564000
2020-08-27,15.357100486755371,15.422001006960368,15.275974449661511,15.422001006960368,1215100
2020-08-28,15.6248140335083,15.641039549054963,15.535575245351996,15.535575245351996,819600
2020-08-31,15.46256160736084,15.519349363081925,15.397661094058131,15.519349363081925,920300
2020-09-01,15.551802635192871,15.600477640348807,15.511240388788009,15.559915393943946,931400
2020-09-02,15.576136589050293,15.584247798199984,15.430110066754496,15.535572806551412,748600
2020-09-03,15.219185829162598,15.486900653321278,15.162398070606265,15.486900653321278,2301200
2020-09-04,15.284085273742676,15.308423545995703,15.024483225778086,15.267859758907324,1159100
2020-09-08,15.121835708618164,15.251636753961197,15.121835708618162,15.138061226123671,1416400
2020-09-09,15.324650764465332,15.36521456015895,15.267862997844855,15.284088516122303,643500
2020-09-10,15.040709495544434,15.300311556539102,15.024483979894681,15.292198798714226,906700
2020-09-11,15.146173477172852,15.2191867561497,15.081272956676816,15.2191867561497,541000
2020-09-14,15.211074829101562,15.243525864798576,15.16239982290659,15.235413105874322,577700
2020-09-15,15.292200088500977,15.348987850714407,15.267861812973592,15.340875092205279,679800
2020-09-16,15.300312995910645,15.430114038618967,15.300312995910645,15.365213517264806,1136200
2020-09-17,15.34898853302002,15.381438021148535,15.259749732803161,15.259749732803161,632600
2020-09-18,15.292200088500977,15.365213367732663,15.267861812973592,15.365213367732663,573600
2020-09-21,15.162400245666504,15.202962494068185,15.000148157358602,15.170513004816959,1566600
2020-09-22,14.95958423614502,15.04882148212014,14.87845820106275,15.024484754740751,1122300
2020-09-23,14.88657283782959,15.089387177453016,14.862234560028558,15.089387177453016,764300
2020-09-24,14.854122161865234,14.951473728085366,14.73243386460306,14.821672671358959,1068500
2020-09-25,14.95958423614502,14.96769699438829,14.797332165980484,14.854119926332945,613500
2020-09-28,15.146173477172852,15.162398994134476,15.073160198196003,15.129947960211227,486600
2020-09-29,15.081273078918457,15.113722565754262,15.016372557896368,15.089385837465027,1413700
2020-09-30,15.186737060546875,15.24352637491708,15.081274285703408,15.097499804094896,611900
2020-10-01,15.365212440490723,15.389549167198993,15.267860891606508,15.316535892373427,1071900
2020-10-02,15.357100486755371,15.397662731627072,15.251636174328217,15.251636174328217,1210700
2020-10-05,15.519351959228516,15.519351959228516,15.405776428786924,15.413889187725689,823800
2020-10-06,15.511239051818848,15.616701811791582,15.49501353571523,15.56802681083112,2234600
2020-10-07,15.600476264953613,15.616701781025263,15.559914022124868,15.584250748881963,1550000
2020-10-08,15.64104175567627,15.649154514594139,15.56802847276599,15.64104175567627,494600
2020-10-09,15.689713478088379,15.705938992528235,15.584249181579542,15.624812967679182,758600
2020-10-12,15.754616737365723,15.778955013272054,15.689716215632671,15.72216570282395,552900
2020-10-13,15.770841598510742,15.778954356808663,15.705941079477792,15.754616081914897,1313200
2020-10-14,15.681605339050293,15.778956907008922,15.673492579441184,15.746505868572486,928000
2020-10-15,15.527463912963867,15.527463912963867,15.422001146929992,15.438226663966118,1764200
2020-10-16,15.608588218688965,15.632926491542303,15.576138735568145,15.624813733924524,500100
2020-10-19,15.600476264953613,15.689715055997306,15.576139538196516,15.665376781889833,682200
2020-10-20,15.6248140335083,15.673489032797955,15.568026276445318,15.576139034218647,592700
2020-10-21,15.616703987121582,15.673491754044111,15.576141738562804,15.592365709575956,703000
2020-10-22,15.576136589050293,15.59236055469976,15.495010571402618,15.551798319550965,796000
2020-10-23,15.64104175567627,15.64104175567627,15.55180295493025,15.608590720004791,590900
2020-10-26,15.365212440490723,15.42200019927719,15.267860891606508,15.389549167198993,972100
2020-10-27,15.405776977539062,15.430115255222281,15.373327487978711,15.422002495994542,641400
2020-10-28,14.967698097229004,15.065048108620276,14.94335982070592,15.065048108620276,845000
2020-10-29,14.781106948852539,14.837896257705562,14.724319187349966,14.781106948852539,990400
2020-10-30,14.626967430114746,14.732430182087004,14.594516400369272,14.716204667214267,1682400
2020-11-02,14.797333717346191,14.797333717346191,14.675645425640088,14.748658710133865,731500
2020-11-03,15.129947662353516,15.170511453959014,15.04071041552229,15.081272659777353,922600
2020-11-04,15.446338653564453,15.543688656234174,15.3165360710875,15.340874345430127,1056800
2020-11-05,15.908754348754883,15.9330910746979,15.827628318460736,15.876303317697094,1450200
2020-11-06,15.900644302368164,15.949319309904585,15.843856535683909,15.884418784072492,678600
2020-11-09,16.346830368041992,16.77679719104741,16.346830368041992,16.703783927756866,4095300
2020-11-10,16.549646377563477,16.638885163675063,16.46852034903933,16.565871892738365,1171800
2020-11-11,16.565874099731445,16.63077462172709,16.5009735777358,16.54153582372664,1112400
2020-11-12,16.484745025634766,16.60643328855555,16.419844515587,16.533420021333036,1321400
2020-11-13,16.61454963684082,16.6388879136256,16.533423594908772,16.54964911276529,463200
2020-11-16,16.898488998413086,16.922827273741017,16.849813995107677,16.882263481527797,1228600
2020-11-17,17.04451560974121,17.10130337166938,16.963389572407916,16.97150233087629,857000
2020-11-18,17.060741424560547,17.214879196099567,17.060741424560547,17.158091433179877,745600
2020-11-19,17.125642776489258,17.125642776489258,17.00395293878879,17.028291215798998,673600
2020-11-20,17.26355743408203,17.304119683743835,17.247331915277055,17.26355743408203,862400
2020-11-23,17.458255767822266,17.563718525721363,17.39335525203428,17.523156283610252,1461800
2020-11-24,17.815208435058594,17.823321193225972,17.63673239742746,17.68540739908133,1389600
2020-11-25,17.693519592285156,17.709745108101824,17.571831318360843,17.604282349994183,776600
2020-11-27,17.758419036865234,17.774644551703044,17.701631282283156,17.73408231195878,550700
2020-11-30,17.158090591430664,17.458256455873986,17.158090591430664,17.417692664813853,1648500
2020-12-01,17.401470184326172,17.417694154787668,17.296005865898437,17.35279363089004,1031300
2020-12-02,17.3690185546875,17.409580800479848,17.279779757123745,17.312230791638015,1338500
2020-12-03,17.458255767822266,17.50693076782567,17.433917494145387,17.450143009929974,1193900
2020-12-04,17.620508193969727,17.65295922905712,17.60428422377655,17.60428422377655,850300
2020-12-07,17.450143814086914,17.49070605806726,17.425805539288454,17.450143814086914,1130100
2020-12-08,17.3690185546875,17.393356830573204,17.312230791638015,17.360905796058933,1044300
2020-12-09,17.385242462158203,17.506930735618013,17.296003672857513,17.506930735618013,813000
2020-12-10,17.450143814086914,17.466369330619223,17.27977898519854,17.320342776529305,1349200
2020-12-11,17.33656883239746,17.377131077639685,17.287892281286226,17.33656883239746,1843200
2020-12-14,17.556856155395508,17.697113053402663,17.556856155395508,17.697113053402663,1429800
2020-12-15,17.73011016845703,17.746611346835174,17.57335212114264,17.589853299520783,800000
2020-12-16,17.853864669799805,17.886867024357862,17.796112122962086,17.812613300241114,1132200
2020-12-17,17.804365158081055,17.83736751717393,17.779613388761398,17.820866337627493,1129200
2020-12-18,17.738359451293945,17.75486062845685,17.6723563162812,17.738359451293945,887400
2020-12-21,17.589855194091797,17.647607750996738,17.424848113454708,17.44134771997101,1068500
2020-12-22,17.391843795776367,17.482598702778194,17.391843795776367,17.482598702778194,783200
2020-12-23,17.573352813720703,17.606355171777636,17.490850065856463,17.52385085027435,716100
2020-12-24,17.639358520507812,17.672360883362444,17.62285891271977,17.64760911122147,452500
2020-12-28,17.688859939575195,17.705359545380905,17.606355615990307,17.6723587601304,750100
2020-12-29,17.746610641479492,17.76311181920178,17.697108681951548,17.721858874896057,777400
2020-12-30,17.903369903564453,17.96937304531607,17.886868724716795,17.886868724716795,682400
2020-12-31,17.721860885620117,17.837367569142614,17.664108330678417,17.837367569142614,578800
2021-01-04,17.787864685058594,18.043628257269884,17.746613308193112,17.994124716664317,1000200
2021-01-05,17.952871322631836,17.977623090153532,17.8291156323013,17.8291156323013,969000
2021-01-06,18.183887481689453,18.200387090375393,17.911622694240084,17.944625058890683,1087500
2021-01-07,18.233383178710938,18.249884355356183,18.084875736181353,18.084875736181353,1396700
2021-01-08,18.761409759521484,18.794412115480945,18.53864857771196,18.687156032251643,1194900
2021-01-11,18.398393630981445,18.45614775993384,18.37364343506953,18.390144614770215,806300
2021-01-12,18.5304012298584,18.563403591590273,18.37364473254965,18.431397291941213,736500
2021-01-13,18.50564956665039,18.563402121468258,18.46439661775256,18.51390015642996,1094600
2021-01-14,18.72015953063965,18.753160314974092,18.63765520934498,18.63765520934498,1032800
2021-01-15,18.50564956665039,18.555151531688693,18.431395832273388,18.546900941909126,831800
2021-01-19,18.546897888183594,18.588150830289177,18.505646519716848,18.588150830289177,501600
2021-01-20,18.67890739440918,18.67890739440918,18.55515169391191,18.57990346346701,342900
2021-01-21,18.786163330078125,18.786163330078125,18.68715782633355,18.761411560732206,981400
2021-01-22,18.472646713256836,18.50564907149205,18.3818933753881,18.439645928660674,1068100
2021-01-25,18.39014434814453,18.398393364236167,18.16738314633228,18.348891399490917,1069900
2021-01-26,18.291139602661133,18.299390192733608,18.159133308779847,18.24163763586544,618200
2021-01-27,18.068376541137695,18.20863341072696,18.035375757866746,18.19213223227199,1370100
2021-01-28,18.20863151550293,18.26638406044523,18.043624469044765,18.043624469044765,682500
2021-01-29,17.771364212036133,18.018875608439686,17.72186067384416,17.96112305418813,1392700
2021-02-01,17.853864669799805,17.862115258439317,17.713607810205826,17.787861534322573,971400
2021-02-02,17.98587417602539,18.002375356272626,17.84561729120222,17.936372208922847,855400
2021-02-03,17.977624893188477,18.010625679554852,17.89512056681383,17.977624893188477,1160800
2021-02-04,17.886869430541992,17.9033706100408,17.74661255208032,17.820866286185858,930500
2021-02-05,17.936372756958008,17.936372756958008,17.80436645822508,17.870369607591545,793400
2021-02-08,18.175636291503906,18.19213589964606,18.07663077445444,18.07663077445444,1431200
2021-02-09,18.299388885498047,18.307639474981134,18.17563319052985,18.183883780012938,560500
2021-02-10,18.10963249206543,18.2746395830765,18.076630129679664,18.241638794329987,583100
2021-02-11,18.258136749267578,18.28288851881652,18.183884587898966,18.225135963508095,577400
2021-02-12,18.31589126586914,18.33239087227854,18.192133989144224,18.192133989144224,435700
2021-02-16,18.233383178710938,18.28288513500786,18.19213023709782,18.241633767033562,729600
2021-02-17,18.20863151550293,18.225132692240393,18.109627602355797,18.15912955892936,417300
2021-02-18,18.10963249206543,18.11788150902262,17.969375599204433,18.076630129679664,510200
2021-02-19,18.068376541137695,18.17563262745601,18.043626347094232,18.09312830882015,518800
2021-02-22,18.10963249206543,18.20863643194422,18.06012894848678,18.068379539083224,577500
2021-02-23,18.20863151550293,18.225132692240393,17.936368393890074,18.060124072143402,1038000
2021-02-24,18.5304012298584,18.5304012298584,18.225137252034653,18.26638863056028,1049300
2021-02-25,18.258136749267578,18.703659159313904,18.24988773305704,18.64590660400548,974700
2021-02-26,18.20863151550293,18.46439346037832,18.192130338765466,18.439643268910952,961600
2021-03-01,18.687158584594727,18.74491114177284,18.555152290004994,18.555152290004994,1356400
2021-03-02,18.579904556274414,18.596405736948356,18.44789825816128,18.555152785263502,1124400
2021-03-03,18.480897903442383,18.66240773235701,18.472647313615436,18.621154783222273,966300
2021-03-04,18.56340217590332,18.810913575459725,18.447897065928878,18.711909645092803,1333400
2021-03-05,18.843915939331055,18.876916724915148,18.5303998212671,18.794413974135363,1056700
2021-03-08,18.703659057617188,18.83566534721558,18.64590650262278,18.736659843197234,934700
2021-03-09,18.90166664123535,18.959419190574852,18.84391409189585,18.893416052238432,824400
2021-03-10,18.736658096313477,18.75315927438459,18.604651819022486,18.711907902845763,1102100
2021-03-11,18.951169967651367,18.975921736426333,18.827414271054657,18.885166824557185,574400
2021-03-12,18.86041831970215,18.86041831970215,18.711910841021155,18.76141280936842,578100
2021-03-15,18.819164276123047,18.852166635532498,18.728410935025277,18.835665455827773,610700
2021-03-16,18.819164276123047,18.860417225384857,18.786163490352706,18.835665455827773,603300
2021-03-17,19.008922576904297,19.050173947929533,18.835663356592644,18.86866571232398,926700
2021-03-18,18.95941925048828,19.140929061716232,18.942918072442293,19.00892278462624,651600
2021-03-19,19.074926376342773,19.10792715957981,18.951169111696668,18.9924220577917,998800
2021-03-22,19.091426849365234,19.165680582074152,19.074927243815857,19.132679797336333,951500
2021-03-23,18.80266761779785,19.000677084379657,18.786166435506196,18.984175902088,702900
2021-03-24,18.93467140197754,19.083177301865923,18.918170221888,18.967672188517465,709100
2021-03-25,19.066673278808594,19.099674057704213,18.942916030443364,18.951166618576966,706200
2021-03-26,19.355440139770508,19.388442499371532,19.149180113181448,19.16568129298196,1536600
2021-03-29,19.355440139770508,19.38019190947128,19.24818561834541,19.3224393538086,476400
2021-03-30,19.44619369506836,19.454444284391613,19.322438002497577,19.338939181144085,657100
2021-03-31,19.322439193725586,19.4049435184055,19.28118781820518,19.30593801406178,799000
2021-04-01,19.52869987487793,19.55345164520543,19.42144535073707,19.470947317752916,691900
2021-04-05,19.56169891357422,19.57820009231795,19.495695772238307,19.536948719097637,525200
2021-04-06,19.553449630737305,19.65245355456925,19.52044727370066,19.569949235616633,751200
2021-04-07,19.5122013092041,19.56170328285298,19.47094992676993,19.536953082848225,922900
2021-04-08,19.48744773864746,19.512197934371418,19.43794419992135,19.47094655907209,711700
2021-04-09,19.46269416809082,19.487445935163198,19.42144279660914,19.470944757114946,502400
2021-04-12,19.388444900512695,19.40494608235678,19.347193519541797,19.380194309590653,553200
2021-04-13,19.503948211669922,19.503948211669922,19.44619565422772,19.44619565422772,415700
2021-04-14,19.470945358276367,19.520447320310534,19.421443396242196,19.454444179718642,949000
2021-04-15,19.586448669433594,19.594699257957817,19.52869612340288,19.52869612340288,488500
2021-04-16,19.66070556640625,19.668956156262396,19.611203600908496,19.635953796837818,337800
2021-04-19,19.693710327148438,19.734961707819963,19.65245737283761,19.7019593443713,595600
2021-04-20,19.363691329956055,19.553451756266398,19.314189362659043,19.545201166110367,652900
2021-04-21,19.47919464111328,19.487445229838787,19.248182877715788,19.248182877715788,521400
2021-04-22,19.380191802978516,19.6359537939246,19.371941213123595,19.619454187853872,890900
2021-04-23,19.685457229614258,19.718458015221422,19.5534509399074,19.586451725514564,857500
2021-04-26,19.81746482849121,19.833966009204435,19.75146167927752,19.767961286351536,593100
2021-04-27,19.842212677001953,19.858713855761767,19.80096130374143,19.833963661261063,588200
2021-04-28,19.92471694946289,19.98246950134497,19.84221262950034,19.84221262950034,533100
2021-04-29,19.8504638671875,19.90821642095581,19.75971052853976,19.90821642095581,324000
2021-04-30,19.743209838867188,19.86696553910229,19.70195688969608,19.850464359433847,312100
2021-05-03,19.611202239990234,19.611202239990234,19.48744654801431,19.52044733150969,517500
2021-05-04,19.223434448242188,19.36369133364306,19.165681890778153,19.314189366336624,638600
2021-05-05,19.37194061279297,19.37194061279297,19.256435505681775,19.2976868800389,447900
2021-05-06,19.52869987487793,19.52869987487793,19.42969436720708,19.48744849797125,618700
2021-05-07,19.98246955871582,19.98246955871582,19.759709939908106,19.759709939908106,599000
2021-05-10,19.64420509338379,19.825714929470465,19.627705486717048,19.792712568858644,741300
2021-05-11,19.388444900512695,19.446197463327675,19.23993741119456,19.23993741119456,1083700
2021-05-12,19.02542495727539,19.297688137231177,18.992424170367592,19.223434399639675,989200
2021-05-13,19.008922576904297,19.02542218113103,18.852164534458314,18.876914727617883,786400
2021-05-14,18.967670440673828,19.025422992026243,18.92641906789039,18.92641906789039,896900
2021-05-17,19.050174713134766,19.050174713134766,18.926419021449114,18.95941980486709,712700
2021-05-18,19.41319465637207,19.520449179936932,19.41319465637207,19.503947999807213,716700
2021-05-19,19.264686584472656,19.28943678025979,18.992423415340458,19.05842656017132,1089100
2021-05-20,19.305936813354492,19.338939170629562,19.215183478126068,19.215183478126068,516200
2021-05-21,19.322439193725586,19.371941159077892,19.264686638541377,19.330689783557485,518700
2021-05-24,19.46269416809082,19.512196128596628,19.429691811994314,19.429691811994314,610200
2021-05-25,19.536949157714844,19.611202890089665,19.454444835782926,19.59470171097547,647700
2021-05-26,19.54520034790039,19.55345093771103,19.470946613243736,19.470946613243736,388200
2021-05-27,19.8917179107666,19.908217517295412,19.74321043653322,19.74321043653322,910400
2021-05-28,19.866962432861328,19.92471497903204,19.85046125577288,19.875213021405553,598100
2021-06-01,19.883466720581055,19.9577204554567,19.850464361241166,19.941219275786754,825500
2021-06-02,19.78445816040039,19.78445816040039,19.677203656389917,19.693704833511177,528800
2021-06-03,19.635953903198242,19.701957048765802,19.586451937432354,19.701957048765802,767800
2021-06-04,19.825716018676758,19.825716018676758,19.693709716255512,19.743211686253666,507400
2021-06-07,19.92471694946289,19.92471694946289,19.8339636137792,19.908215770742576,464300
2021-06-08,19.883466720581055,19.908216916446865,19.80921298570541,19.86696554091111,442800
2021-06-09,19.79271125793457,19.833964205967053,19.767959489115082,19.825713616360556,475000
2021-06-10,19.94297218322754,19.976364278918055,19.892885631914528,19.93462415930491,388000
2021-06-11,19.82610321044922,19.851147282441563,19.75097258669496,19.834451234446668,467900
2021-06-14,19.784364700317383,19.784364700317383,19.709234076496163,19.725928532283167,401700
2021-06-15,19.84280014038086,19.984713370199437,19.792711994169945,19.942973248357006,817200
2021-06-16,19.52558135986328,19.667494588058123,19.442104301579228,19.659146563785153,1103100
2021-06-17,19.4254093170166,19.492191922635406,19.308538563016512,19.44210536647703,763000
2021-06-18,19.141582489013672,19.258451648616877,19.141582489013672,19.258451648616877,513300
2021-06-21,19.41706085205078,19.45045135799168,19.183320941573008,19.22506106427772,732700
2021-06-22,19.13323211669922,19.183318665780035,19.041405449865483,19.099840022496885,1448700
2021-06-23,19.141582489013672,19.258451648616877,19.133234464438747,19.216713117965128,1133600
2021-06-24,19.300188064575195,19.300188064575195,19.2250574500538,19.2250574500538,560300
2021-06-25,19.375320434570312,19.392016483398187,19.308537831481676,19.392016483398187,712900
2021-06-28,19.316884994506836,19.40036364270082,19.291842514604586,19.40036364270082,1142200
2021-06-29,19.141582489013672,19.141582489013672,19.074799884637144,19.074799884637144,824600
2021-06-30,19.40036392211914,19.442104042928698,19.350277369370477,19.408711946281052,1068000
2021-07-01,19.341930389404297,19.350278414016884,19.266799760113887,19.30853829095394,1389900
2021-07-02,19.300188064575195,19.30853449532417,19.21670942708225,19.266795972688985,581700
2021-07-06,19.67584228515625,19.725928837738394,19.575669179991962,19.67584228515625,903600
2021-07-07,19.300188064575195,19.35027461018193,19.233405473025353,19.333578564238827,1224300
2021-07-08,18.966276168823242,18.991320241242672,18.849407015311506,18.899493567927564,1668000
2021-07-09,19.358625411987305,19.358625411987305,19.208364161375265,19.208364161375265,525000
2021-07-12,19.442106246948242,19.46714873005007,19.341931537871986,19.358627588088527,636200
2021-07-13,19.4254093170166,19.508887972095835,19.392017218095745,19.433757341746816,430600
2021-07-14,19.375320434570312,19.458799086486824,19.333581904723484,19.458799086486824,375100
2021-07-15,19.200016021728516,19.2250600940875,19.133233420994024,19.17497194936953,559400
2021-07-16,19.116535186767578,19.2918404887886,19.058100616834775,19.283492465623542,934100
2021-07-19,18.83270835876465,18.89949095041116,18.765925767118137,18.891142927427524,891600
2021-07-20,19.058103561401367,19.09984209145285,18.832711677788495,18.841059702243363,349100
2021-07-21,19.116535186767578,19.133231233097696,18.93288345380411,18.93288345380411,1038000
2021-07-22,19.358625411987305,19.458798517580128,19.325233315307827,19.425408013123455,763800
2021-07-23,19.350276947021484,19.36697299498089,19.291842371386334,19.358624971001188,417700
2021-07-26,19.366971969604492,19.366971969604492,19.266797279374536,19.266797279374536,496800
2021-07-27,19.300188064575195,19.316882518295724,19.18331733519604,19.291840041603642,863200
2021-07-28,19.366971969604492,19.40871049507041,19.258449255836815,19.333579875453612,1015600
2021-07-29,19.667495727539062,19.684191777052327,19.600713121708925,19.600713121708925,566000
2021-07-30,19.609060287475586,19.725929444503052,19.57566978213467,19.650800409430285,406600
2021-08-02,19.358625411987305,19.51723309454641,19.333581339477696,19.458798517580128,1084300
2021-08-03,19.508886337280273,19.508886337280273,19.34192904111258,19.36697311320457,888700
2021-08-04,19.742626190185547,19.82610484481884,19.717583708351594,19.759322239556788,695100
2021-08-05,19.750972747802734,19.79271127590766,19.700886195632265,19.709234219697805,582300
2021-08-06,19.684188842773438,19.74262341513623,19.650798340947276,19.734275391624017,1041900
2021-08-09,19.67584228515625,19.700886357558723,19.634103756708264,19.67584228515625,528300
2021-08-10,19.859495162963867,19.88453764255252,19.81775504327818,19.826103067215314,506200
2021-08-11,19.734277725219727,19.759321798717842,19.684191170446365,19.759321798717842,489700
2021-08-12,19.725927352905273,19.742623399916823,19.642450302292882,19.742623399916823,649200
2021-08-13,19.71758270263672,19.742625183193354,19.684190605597436,19.71758270263672,412400
2021-08-16,19.692537307739258,19.70088533143861,19.60071063926912,19.65914521294186,827200
2021-08-17,19.350276947021484,19.39201547469723,19.258450275467524,19.275146323426927,690400
2021-08-18,19.492191314697266,19.609060472829434,19.467147241287716,19.492191314697266,672900
2021-08-19,19.275148391723633,19.350279023379994,19.17497368544084,19.191669735191795,1371300
2021-08-20,19.467144012451172,19.483840058621652,19.375317350736136,19.400361419991853,1352500
2021-08-23,19.283493041992188,19.316883543427828,19.233406493727397,19.266796995163038,595100
2021-08-24,19.40871238708496,19.442104484490994,19.341929784495733,19.341929784495733,244100
2021-08-25,19.4254093170166,19.450451798984332,19.3586267113978,19.366974736128014,285100
2021-08-26,19.333581924438477,19.400364527595215,19.30853785117113,19.383668478750316,716200
2021-08-27,19.41706085205078,19.433756901132668,19.250103545677675,19.283495643841448,380500
2021-08-30,19.53392791748047,19.558971988419007,19.483841367826095,19.483841367826095,478500
2021-08-31,19.283493041992188,19.341927613671555,19.250100948333884,19.341927613671555,1559300
2021-09-01,19.467144012451172,19.54227462799573,19.467144012451172,19.475492035536412,880200
2021-09-02,19.55897331237793,19.575669360800454,19.48384268669938,19.48384268669938,481600
2021-09-03,19.550626754760742,19.575670829273218,19.51723465541078,19.54227872992325,440100
2021-09-07,19.584016799926758,19.659147429469016,19.57567036750908,19.609060873848474,314500
2021-09-08,19.350276947021484,19.450450050332382,19.316884851102675,19.450450050332382,560600
2021-09-09,19.450448989868164,19.492189107490955,19.4003624409435,19.47549306044184,1080000
2021-09-10,19.467144012451172,19.692535859084845,19.45879598936593,19.692535859084845,698200
2021-09-13,19.43375587463379,19.467146378810984,19.366973274056605,19.467146378810984,807200
2021-09-14,19.39201545715332,19.567320776122944,19.358624953487485,19.558972752150794,520000
2021-09-15,19.51723289489746,19.51723289489746,19.36697323804529,19.39201571807592,431800
2021-09-16,19.41706085205078,19.45045135799168,19.325234174323285,19.39201677842795,273100
2021-09-17,19.375320434570312,19.46714711090076,19.36697400237923,19.46714711090076,414300
2021-09-20,19.10818862915039,19.22505937020229,19.01636355173722,19.200015298786298,989000
2021-09-21,19.141582489013672,19.30019177149151,19.141582489013672,19.258451648616877,680400
2021-09-22,19.13323211669922,19.316883858144003,19.124884093148637,19.200014712881202,1174500
2021-09-23,19.40036392211914,19.458798499029715,19.341929345208566,19.350277369370477,470600
2021-09-24,19.116535186767578,19.1916658030305,19.10818716360252,19.133231233097696,422400
2021-09-27,19.475492477416992,19.533927048116897,19.40870988344244,19.40870988344244,431900
2021-09-28,19.158275604248047,19.183318081914916,19.08314498680216,19.183318081914916,571800
2021-09-29,19.03306007385254,19.14993082759499,19.016365616651825,19.091496246835217,580600
2021-09-30,19.008014678955078,19.174970370936556,19.008014678955078,19.124883822564378,1221100
2021-10-01,19.1248836517334,19.14157969844921,18.957926369020583,19.0497530337349,702700
2021-10-04,19.183319091796875,19.333580334598963,19.174971068060902,19.28349378440584,684800
2021-10-05,19.091495513916016,19.14158206804116,19.02471291100821,19.02471291100821,455100
2021-10-06,19.300188064575195,19.325230541267274,19.074796221011013,19.1332307895893,939800
2021-10-07,19.325233459472656,19.42540815803558,19.308537411008366,19.308537411008366,846100
2021-10-08,19.4254093170166,19.475495873174978,19.40036524282596,19.408713267556173,698300
2021-10-11,19.358625411987305,19.483842590089736,19.358625411987305,19.408711964783716,363300
2021-10-12,19.325233459472656,19.375320012642707,19.291842954766892,19.3335814837048,651300
2021-10-13,19.71758270263672,19.784365304492457,19.692538629857257,19.692538629857257,728600
2021-10-14,19.984712600708008,19.984712600708008,19.851147400400713,19.851147400400713,834900
2021-10-15,19.97636604309082,20.018104574167257,19.901235413374913,19.94297394445135,1324500
2021-10-18,19.968015670776367,20.009754196945575,19.89288504989362,19.909581097250392,569300
2021-10-19,20.134971618652344,20.185058165163532,20.10157952616315,20.10157952616315,578600
2021-10-20,20.26854133605957,20.276889361048426,20.134976120683802,20.160018603427407,528700
2021-10-21,20.001405715942383,20.06818990384246,19.98471126119004,20.03479780989242,441300
2021-10-22,20.068191528320312,20.16836463383388,20.001407335014196,20.093234008587302,857600
2021-10-25,20.134971618652344,20.14331804955204,20.05984100277426,20.14331804955204,594800
2021-10-26,20.1182804107666,20.210105502750217,20.068193852209816,20.1433228939335,452400
2021-10-27,20.059844970703125,20.143322033993048,20.051496945929546,20.109931527121663,637300
2021-10-28,20.193408966064453,20.193408966064453,20.026451665097255,20.034799689367897,465700
2021-10-29,20.076536178588867,20.084884202011295,20.00975358343211,20.068189747389102,425600
2021-11-01,20.1182804107666,20.126628435896567,20.05984582707985,20.101584360506678,429400
2021-11-02,20.168363571166992,20.235146168731543,20.12662504477267,20.218450121284725,1004500
2021-11-03,20.301929473876953,20.326973545920037,20.09323365018624,20.126625746243686,590900
2021-11-04,20.301929473876953,20.301929473876953,20.17671229810708,20.226798849970475,653100
2021-11-05,20.26854133605957,20.28523579381432,20.218453186126435,20.243497261093005,642200
2021-11-08,20.460540771484375,20.468888796325267,20.385410140139278,20.402106189821065,618300
2021-11-09,20.168363571166992,20.268538263625178,20.143319499996768,20.235146168731543,816500
2021-11-10,19.984712600708008,20.18506040116895,19.9680165526139,20.109929776968247,803800
2021-11-11,20.10993003845215,20.185060663629752,20.084885965985347,20.15166856700735,470600
2021-11-12,20.10993003845215,20.14332054285175,20.059843485741347,20.076537941829745,566400
2021-11-15,20.151668548583984,20.23514719784087,20.151668548583984,20.17671262102789,590400
2021-11-16,20.143320083618164,20.210102683117636,20.12662562791037,20.143320083618164,1027500
2021-11-17,19.959667205810547,19.993059299785816,19.909580657070315,19.993059299785816,951800
2021-11-18,20.001405715942383,20.009753739429893,19.85949409332275,19.934623120264984,695000
2021-11-19,19.79271125793457,19.87618990629141,19.79271125793457,19.859495450398267,535200
2021-11-22,19.809410095214844,19.959671364969374,19.809410095214844,19.901236780558836,677100
2021-11-23,19.851146697998047,19.876189177030337,19.759320028952388,19.80105855548802,714100
2021-11-24,19.6424503326416,19.717580952086976,19.600710215048235,19.659144787456267,1100100
2021-11-26,19.116535186767578,19.316882966061165,19.049752593669716,19.30018851195366,663300
2021-11-29,19.041406631469727,19.18331985619063,19.016364151486666,19.10818923179587,1101800
2021-11-30,18.765926361083984,18.83270895484425,18.55723055655532,18.79097043082757,2009600
2021-12-01,18.573930740356445,18.97462639217219,18.56558271524908,18.97462639217219,1028400
2021-12-02,18.50714683532715,18.565581414762498,18.40697213327878,18.465408304937004,1386700
2021-12-03,18.432016372680664,18.565581581798266,18.306799188160774,18.548885532602842,1070600
2021-12-06,18.7325382232666,18.757580703946456,18.598973018897944,18.65740759678138,1171800
2021-12-07,18.87445068359375,18.899493163254174,18.782624012244824,18.807668084128014,799800
2021-12-08,18.916189193725586,18.924537217678946,18.774275970963966,18.79932004282405,707400
2021-12-09,18.8410587310791,18.999668003100354,18.8410587310791,18.96627590700208,723600
2021-12-10,18.740888595581055,18.849409740643452,18.715844519540642,18.84106171529665,685200
2021-12-13,18.359024047851562,18.53378767276039,18.332808754106836,18.47262032070803,1008200
2021-12-14,18.32406997680664,18.359023701139506,18.254164194826217,18.35028527005629,809600
2021-12-15,18.359024047851562,18.39397610615919,18.09687611046031,18.28037983330272,1099600
2021-12-16,18.35028648376465,18.551265411915665,18.271642265499395,18.51631335195634,1554500
2021-12-17,18.158048629760742,18.236692859470853,18.10561803216356,18.175523828940804,896900
2021-12-20,18.035709381103516,18.053186244203403,17.957065163839427,18.000757321589145,1238200
2021-12-21,18.271642684936523,18.280381116798306,18.070663752171907,18.070663752171907,1290400
2021-12-22,18.42019271850586,18.42019271850586,18.22795221733909,18.27164271002253,953000
2021-12-23,18.42019271850586,18.42893115037964,18.315333202705965,18.324071634579745,549200
2021-12-27,18.490097045898438,18.490097045898438,18.420191263116955,18.45514498785036,516800
2021-12-28,18.53378677368164,18.594955789452015,18.490096286245205,18.577478927803337,1177400
2021-12-29,18.603696823120117,18.603696823120117,18.516314169336276,18.56000466288545,419100
2021-12-30,18.586217880249023,18.60369474238819,18.533787293831526,18.551264155970692,542700
2021-12-31,18.691078186035156,18.778460841575978,18.66486455605278,18.699816618257792,730000
2022-01-03,18.726032257080078,18.743509121844678,18.577482239952097,18.726032257080078,748600
2022-01-04,18.603696823120117,18.73476997045313,18.56000466288545,18.73476997045313,1056000
2022-01-05,18.2366886138916,18.50757330500461,18.201734890297523,18.411452231806166,1403000
2022-01-06,18.393978118896484,18.42893184771422,18.210476042659938,18.297858698018757,1003400
2022-01-07,18.551265716552734,18.586219443771466,18.446407868267436,18.481359928800718,794600
2022-01-10,18.542526245117188,18.560003107746674,18.332808893619443,18.490097323914092,624800
2022-01-11,18.90079689025879,18.909535323096758,18.629912139024338,18.647389004700276,890200
2022-01-12,19.03186798095703,19.05808160764062,18.935746905289697,19.023129549834064,756900
2022-01-13,18.822153091430664,19.058084095812045,18.804676226902995,19.04060889796991,1925300
2022-01-14,18.87458038330078,18.95322460017713,18.795936166424436,18.857103520287062,1964900
2022-01-18,18.682340621948242,18.795938579435663,18.673603856005155,18.71729435246302,1018000
2022-01-19,18.787199020385742,18.900795304376683,18.778460588280975,18.83962794632883,902800
2022-01-20,18.75224494934082,19.06682183262267,18.75224494934082,18.900794959036638,911200
2022-01-21,18.59495735168457,18.830888337022134,18.577480488567595,18.80467470903207,1491100
2022-01-24,18.472620010375977,18.48135844147742,17.974541104391054,18.437667952655527,2775100
2022-01-25,18.393978118896484,18.490099206459735,18.254166536996586,18.350287624559837,2501800
2022-01-26,18.227951049804688,18.577479968940587,18.192997324548422,18.54252624368432,1340300
2022-01-27,18.1318302154541,18.332809138319703,18.11435335259134,18.28911864784818,976400
2022-01-28,18.123092651367188,18.140569515066364,17.825992635223017,17.983281075144692,1374100
2022-01-31,18.428930282592773,18.446407145517377,18.16678400546525,18.16678400546525,899000
2022-02-01,18.691078186035156,18.691078186035156,18.40271658943032,18.45514718276613,1631600
2022-02-02,18.56000328063965,18.682337986814918,18.542526417847363,18.682337986814918,1102800
2022-02-03,18.638647079467773,18.743506587189827,18.612431785865926,18.638647079467773,864000
2022-02-04,18.75224494934082,18.822152404901654,18.638648667425418,18.673602395205833,730300
2022-02-07,19.023128509521484,19.119247913247044,18.988174786941116,19.049342134771535,1356900
2022-02-08,19.337703704833984,19.372657427460474,19.20663057835511,19.21536900901173,1028400
2022-02-09,19.66975975036621,19.687236613765084,19.521209744846644,19.521209744846644,1107100
2022-02-10,19.45130157470703,19.7134478268295,19.416347852191915,19.494992061165703,1442000
2022-02-11,19.259065628051758,19.58237930389002,19.215373464637388,19.48625821106402,1663300
2022-02-14,19.03186798095703,19.29401424790481,18.97943739421922,19.276537385658873,1519200
2022-02-15,19.259065628051758,19.285279259414764,19.058085009716887,19.058085009716887,1538400
2022-02-16,19.433828353881836,19.46004365067894,19.276539906470283,19.302755203267388,1079600
2022-02-17,19.171680450439453,19.27653829549363,19.136726724297795,19.171680450439453,962000
2022-02-18,19.03186798095703,19.154202683307954,18.98817582534219,19.154202683307954,1140700
2022-02-22,18.848363876342773,19.014390730922504,18.795934957359542,18.900792795326005,1533400
2022-02-23,18.673601150512695,18.892056934522653,18.629908993699487,18.848364777709442,986800
2022-02-24,18.227951049804688,18.280379971003736,17.78230105289941,17.799777915527542,3696600
2022-02-25,18.638647079467773,18.64738551066839,18.33280865418756,18.376500810190638,2144100
2022-02-28,18.3415470123291,18.376500736992334,18.131829664405686,18.149306526737302,1775100
2022-03-01,17.773561477661133,18.184257722877323,17.686178836829853,18.14056723580431,2090400
2022-03-02,17.703659057617188,17.791041715029397,17.563847472431874,17.791041715029397,1635300
2022-03-03,17.188100814819336,17.607535511871944,17.118195031977233,17.607535511871944,1037800
2022-03-04,16.803619384765625,16.969646255967263,16.690023104481632,16.873525172637034,1452700
2022-03-07,16.497779846191406,16.794879841657654,16.480304650393947,16.768666214618793,1498700
2022-03-08,16.38418197631836,16.56768401444424,16.20067993819248,16.39292040670795,2085400
2022-03-09,16.891002655029297,17.013337371614277,16.777406370584032,16.81235843245738,1726600
2022-03-10,16.952171325683594,16.99586348976462,16.655071276675184,16.864788664207182,1066300
2022-03-11,16.716238021850586,17.188103376371103,16.681285958563276,17.153149646398212,920400
2022-03-14,16.515256881713867,16.786141586294125,16.49778001904795,16.655068449670477,860000
2022-03-15,16.873523712158203,16.891000574284718,16.628854309128233,16.64632950456944,806900
2022-03-16,17.677440643310547,17.69491750504839,17.22305223823817,17.336650172848902,2375300
2022-03-17,17.825990676879883,17.825990676879883,17.546367555153967,17.60753490469585,1610800
2022-03-18,18.0881404876709,18.096877252785287,17.764825177818732,17.80851567013247,1595900
2022-03-21,17.948328018188477,18.19299742965445,17.869683802592878,18.16678380224616,828300
2022-03-22,18.175519943237305,18.22795052962547,18.009494753064033,18.026969948508114,1858200
2022-03-23,18.105615615844727,18.227951993892525,18.00075776801569,18.061925123696867,1187700
2022-03-24,18.2978572845459,18.385239933154583,18.175520909819582,18.385239933154583,992200
2022-03-25,18.227951049804688,18.34154732351685,18.12309154072124,18.33280889220278,1020100
2022-03-28,18.2366886138916,18.245425378104844,18.04444646749472,18.08813862198732,792300
2022-03-29,18.708553314208984,18.708553314208984,18.393976450130957,18.40271488154261,1524400
2022-03-30,18.52505111694336,18.708553175168184,18.45514533285504,18.638647391079864,808600
2022-03-31,18.210474014282227,18.41145293254156,18.18425872058892,18.41145293254156,866800
2022-04-01,18.33281135559082,18.376503518032088,18.210476634126422,18.30659772481164,917300
2022-04-04,18.69981575012207,18.708554181939025,18.341548379054185,18.341548379054185,810100
2022-04-05,18.45514488220215,18.734768011727354,18.411452726535508,18.708552718327372,863700
2022-04-06,18.245426177978516,18.341547255390875,18.114353042125067,18.341547255390875,886900
2022-04-07,18.079402923583984,18.21921450572067,17.98328183585794,18.1755223446245,764700
2022-04-08,17.965803146362305,18.053185792992345,17.904635793726886,17.983280009025385,709600
2022-04-11,17.756088256835938,17.825994050497275,17.6599671655445,17.799780419552768,924200
2022-04-12,17.581323623657227,17.878421980103155,17.555108327491926,17.80851619034785,1074800
2022-04-13,17.799779891967773,17.843470386704027,17.563847220346695,17.59879928279859,672100
2022-04-14,17.65996551513672,17.808515521120057,17.61627502318856,17.791040324352053,703100
2022-04-18,17.41529655456543,17.52889283664913,17.37160439477518,17.52889283664913,487600
2022-04-19,17.511415481567383,17.520152245763363,17.24052912430433,17.301696473787835,607300
2022-04-20,17.493940353393555,17.668703988281283,17.441509762910343,17.668703988281283,886500
2022-04-21,17.205577850341797,17.590058826499742,17.17062412522634,17.581322061906224,1214600
2022-04-22,17.091981887817383,17.397820351219483,17.083243455527544,17.301699262716827,1075600
2022-04-25,17.144411087036133,17.170624715087893,16.96964578882584,17.039551574772876,1869700
2022-04-26,16.681283950805664,17.03955130647885,16.6725455193642,17.03955130647885,1081400
2022-04-27,16.768667221069336,16.908478795952508,16.707499865393626,16.768667221069336,1203300
2022-04-28,16.969646453857422,17.02207537870101,16.69002329911099,16.864786937484773,1657200
2022-04-29,17.065767288208008,17.424034658312113,17.03081356103422,17.24926935581406,1851600
2022-05-02,17.065767288208008,17.109457780489798,16.88226355391651,16.943430909785192,1338500
2022-05-03,17.126935958862305,17.214318616819444,17.06576859829798,17.135674391326575,925600
2022-05-04,17.45024871826172,17.458987150271124,16.969646624542943,17.161887128693355,902700
2022-05-05,16.882265090942383,17.170626699637896,16.716238205122057,17.170626699637896,1025300
2022-05-06,16.690021514892578,16.751188865118685,16.558948383453025,16.742450434131342,1025600
2022-05-09,16.174467086791992,16.497780726549838,16.156990223376585,16.497780726549838,1112000
2022-05-10,16.008438110351562,16.200680249243234,15.921055471463095,16.148249665899026,892100
2022-05-11,15.82493782043457,16.191943611043456,15.82493782043457,16.078345667908227,1308600
2022-05-12,15.71134090423584,15.833677286891975,15.440456176007086,15.571529324073547,1609100
2022-05-13,16.218156814575195,16.261848971055283,15.816198975070497,15.816198975070497,845900
2022-05-16,16.15699005126953,16.218157405886455,16.060868970194132,16.139513188040294,825200
2022-05-17,16.445350646972656,16.480304371346413,16.28806222066137,16.30553908284825,1142700
2022-05-18,16.139514923095703,16.454091828298488,16.1133012921192,16.454091828298488,564000
2022-05-19,16.427875518798828,16.532735036303038,16.20068295312977,16.2181581504759,846300
2022-05-20,16.628854751586914,16.72497416246966,16.392922106657224,16.628854751586914,707600
2022-05-23,16.60264015197754,16.681284370242793,16.53273436537347,16.637593878622283,575300
2022-05-24,16.340492248535156,16.40165959741259,16.235632745684377,16.40165959741259,591800
2022-05-25,16.331754684448242,16.375445174054942,16.15698939265076,16.15698939265076,776000
2022-05-26,16.628854751586914,16.655068378788865,16.392922106657224,16.41913740054453,696300
2022-05-27,16.794879913330078,16.80361834460877,16.690022071356474,16.707498933913858,556600
2022-05-31,16.67254638671875,16.803619531788783,16.63759432581996,16.75119060709786,886400
2022-06-01,16.55894660949707,16.794877554138928,16.497777599138693,16.759925500619254,492000
2022-06-02,16.759929656982422,16.759929656982422,16.51525855492727,16.57642591376968,471400
2022-06-03,16.46282958984375,16.602641171638496,16.445352725448025,16.602641171638496,333700
2022-06-06,16.567686080932617,16.698760886440276,16.541472453179395,16.620116669809835,458900
2022-06-07,16.74245262145996,16.777406349975884,16.532735250420952,16.532735250420952,499800
2022-06-08,16.733713150024414,16.812357367615252,16.655068932433576,16.655068932433576,664700
2022-06-09,16.331195831298828,16.614907973561838,16.32232961547089,16.614907973561838,545100
2022-06-10,16.047483444213867,16.251401331972197,16.00315236575049,16.233668900586846,654400
2022-06-13,15.630782127380371,15.870164914135616,15.586452733266285,15.8612986971012,591700
2022-06-14,15.604183197021484,15.701708189969759,15.559852117447019,15.639646369623282,548900
2022-06-15,15.834697723388672,15.91449196541474,15.630778165401189,15.683975454123608,1106900
2022-06-16,15.542121887207031,15.657379315771102,15.5066570223825,15.657379315771102,1081500
2022-06-17,15.568717002868652,15.65737746338294,15.462325803097613,15.586449433183036,749300
2022-06-21,15.84356689453125,15.95882432615468,15.772638854057321,15.772638854057321,704000
2022-06-22,15.701706886291504,15.790367347021377,15.639645071097883,15.675109931812885,435400
2022-06-23,15.870162010192871,15.87016201019287,15.639645482652254,15.68397655971257,1169600
2022-06-24,16.162744522094727,16.189343175189332,15.976559023606834,15.976559023606834,448800
2022-06-27,16.056352615356445,16.233671888675435,16.020887746057824,16.233671888675435,679700
2022-06-28,15.879029273986816,16.136144464739154,15.86129684199194,16.06521642781744,920600
2022-06-29,15.825833320617676,15.879028924373289,15.763771501059832,15.825833320617676,672100
2022-06-30,15.675111770629883,15.683977986848712,15.444595222113815,15.59531751571825,590400
2022-07-01,15.657379150390625,15.657379150390625,15.462327469089413,15.50665685859402,728100
2022-07-05,15.719440460205078,15.719440460205078,15.373666498367644,15.435728318076132,1101600
2022-07-06,15.66624641418457,15.71057580665371,15.550988979130052,15.71057580665371,523400
2022-07-07,15.949956893920898,15.949956893920898,15.808100823786083,15.816967039551727,508200
2022-07-08,15.98542308807373,16.038618696039396,15.834700789622776,15.896762614092365,411800
2022-07-11,15.72830867767334,15.879030983743057,15.701710026817045,15.879030983743057,362100
2022-07-12,15.746038436889648,15.825832684846372,15.692842835271062,15.772637083227785,321600
2022-07-13,15.621918678283691,15.71944369026906,15.51552575759462,15.524391975240217,494000
2022-07-14,15.480056762695312,15.48005676269531,15.276138884350255,15.40912873148583,649200
2022-07-15,15.66624641418457,15.66624641418457,15.47119471983926,15.55985350477754,363200
2022-07-18,15.683977127075195,15.852430152825098,15.657378479876808,15.737172730414231,198100
2022-07-19,15.994290351867676,16.012021094978632,15.816969392294146,15.816969392294146,347300
2022-07-20,16.18047523498535,16.198207668494035,16.03861914903176,16.08294854174553,338400
2022-07-21,16.295732498168945,16.322331148150397,16.109547021472544,16.109547021472544,353200
2022-07-22,16.25140380859375,16.45532172742801,16.171609546257216,16.43759098439833,525800
2022-07-25,16.23366928100586,16.30459731715165,16.207072324362294,16.28686657640853,370300
2022-07-26,16.1184139251709,16.251403798630932,16.1184139251709,16.24253758159253,183400
2022-07-27,16.535114288330078,16.552846720593113,16.331196390478617,16.331196390478617,395600
2022-07-28,16.650371551513672,16.66810229074303,16.481916845902557,16.579443521423354,425200
2022-07-29,16.5971736907959,16.606039905634976,16.446451420646756,16.490782494842133,440600
2022-08-01,16.703569412231445,16.747898802891495,16.588310290822744,16.64150758888423,293300
2022-08-02,16.659242630004883,16.76563386067043,16.570582143744844,16.59717910588217,480700
2022-08-03,16.951818466186523,16.978415424268466,16.80996069516541,16.80996069516541,292500
2022-08-04,17.20893096923828,17.20893096923828,17.04934246586048,17.04934246586048,317600
2022-08-05,17.20006561279297,17.253261219557608,17.08480818295994,17.12913757342083,284000
2022-08-08,17.164602279663086,17.3596539633655,17.164602279663086,17.297592140871906,308600
2022-08-09,17.058210372924805,17.14687084926452,16.996148546804385,17.14687084926452,276300
2022-08-10,17.474910736083984,17.50150938375031,17.32419013914812,17.368519527534225,340200
2022-08-11,17.48377799987793,17.687697595426307,17.47491178345775,17.545841514819184,307300
2022-08-12,17.528106689453125,17.528106689453125,17.38625062820886,17.43944622841105,367700
2022-08-15,17.38625144958496,17.43944705230026,17.306457199983146,17.395117665213796,1458400
2022-08-16,17.04934310913086,17.262127224643667,16.97841507062659,17.262127224643667,548400
2022-08-17,16.91635513305664,16.987283179463372,16.809962217917537,16.978416962280278,1219400
2022-08-18,16.889755249023438,16.99614815639881,16.8454258574008,16.99614815639881,695800
2022-08-19,16.552846908569336,16.68583676993672,16.508517518466153,16.68583676993672,630400
2022-08-22,16.46418571472168,16.561712397937814,16.437588758250197,16.561712397937814,511400
2022-08-23,16.43758773803711,16.517380293556926,16.357793491459635,16.410989092158733,723400
2022-08-24,16.473052978515625,16.57944588434314,16.3223306817104,16.357795547338863,547200
2022-08-25,16.614910125732422,16.614910125732422,16.490786470178747,16.57058073190839,408700
2022-08-26,16.304597854614258,16.712435344189792,16.278000897093953,16.63264108951323,520600
2022-08-29,16.207073211669922,16.322330642570304,16.198206995284067,16.23367016976962,326400
2022-08-30,16.162744522094727,16.348931711640734,16.127281342360035,16.295734405451523,386000
2022-08-31,16.100679397583008,16.251401685521987,16.08294696581189,16.189339865380838,354800
2022-09-01,16.08294677734375,16.127277856252054,15.994288001642639,16.118411640470395,208700
2022-09-02,15.98542308807373,16.145009911970725,15.941092005554104,16.082948087501133,164600
2022-09-06,15.905628204345703,16.03861806455261,15.879029555881193,16.0120194160881,281500
2022-09-07,16.038618087768555,16.056350520103898,15.825833972917929,15.852430930363118,372400
2022-09-08,16.153873443603516,16.16273965863382,15.985420431200502,16.00315117020351,200100
2022-09-09,16.473052978515625,16.473052978515625,16.278001290732693,16.278001290732693,304100
2022-09-12,16.685834884643555,16.685834884643555,16.57057746876324,16.57057746876324,234500
2022-09-13,16.277999877929688,16.473051548783662,16.26913366229209,16.464185333146066,250900
2022-09-14,16.242534637451172,16.29573023898129,16.189339035921055,16.29573023898129,286800
2022-09-15,16.10954475402832,16.260267033926304,16.074079892378123,16.180472786271036,216100
2022-09-16,16.162744522094727,16.17161073979293,16.056353291832536,16.10954890696363,372600
2022-09-19,16.198205947875977,16.207072163688526,16.01201879792799,16.056349876990726,146100
2022-09-20,16.07408332824707,16.127280632093402,16.02088771545878,16.127280632093402,248600
2022-09-21,15.896761894226074,16.11841222361337,15.852430813713928,16.01201932144203,288600
2022-09-22,15.790367126464844,15.923356970173263,15.72830531213809,15.914492446175965,734600
2022-09-23,15.444594383239746,15.54212106529187,15.355933916924885,15.53325484955461,565700
2022-09-26,15.276140213012695,15.409130071715238,15.231810823797781,15.293872645121782,381500
2022-09-27,15.160881042480469,15.391397560209132,15.107685443330041,15.28500467085067,349600
2022-09-28,15.249542236328125,15.293871622579191,14.956963890321092,14.992427061110407,440900
2022-09-29,15.125419616699219,15.143152050794868,14.939234131868893,15.116553399651396,274200
2022-09-30,15.169751167297363,15.302741044978438,15.12542008069831,15.12542008069831,220000
2022-10-03,15.222945213317871,15.249543862539603,15.08995534932494,15.178615822339516,969500
2022-10-04,15.604183197021484,15.604183197021484,15.347068008662907,15.347068008662907,316900
2022-10-05,15.58645248413086,15.613051134808948,15.400267002558113,15.50665822315455,511700
2022-10-06,15.524388313293457,15.58645013111518,15.480057235522434,15.53325452884766,265100
2022-10-07,15.320472717285156,15.453462588348774,15.26727541601334,15.453462588348774,346600
2022-10-10,15.17861557006836,15.22294496030995,15.089955098527335,15.22294496030995,510700
2022-10-11,15.063356399536133,15.240677342027109,15.019027009442308,15.134284438320956,410100
2022-10-12,14.983562469482422,15.001294902327665,14.88603747094933,14.948099294849808,427000
2022-10-13,14.868306159973145,14.886038594156366,14.487067280323885,14.628923371673656,847900
2022-10-14,14.637788772583008,14.886037764132096,14.611190122791278,14.850572897743124,661600
2022-10-17,14.79737663269043,14.877170887467416,14.699849945505708,14.699849945505708,521500
2022-10-18,14.841706275939941,14.930366748433872,14.735315061793512,14.877171141360657,525200
2022-10-19,14.620055198669434,14.735314314382679,14.540260946578039,14.735314314382679,552800
2022-10-20,14.637788772583008,14.841706681145881,14.593457689596793,14.64665498918025,324700
2022-10-21,14.620055198669434,14.620055198669434,14.327476838020246,14.389538658300713,732800
2022-10-24,14.513663291931152,14.549126462789744,14.345208579944192,14.504797076452082,345600
2022-10-25,14.79737663269043,14.815107374040338,14.57572630076721,14.57572630076721,494100
2022-10-26,14.965828895568848,15.081088009217135,14.868303904471539,14.868303904471539,1470300
2022-10-27,14.965828895568848,15.081088009217135,14.948098155133355,14.974695111315464,534700
2022-10-28,15.214079856872559,15.231812290689357,15.072223768454098,15.143151812663328,695800
2022-10-31,15.29387092590332,15.329335786134807,15.231809111555828,15.231809111555828,567700
2022-11-01,15.373666763305664,15.550987700720947,15.347068115376034,15.524389052791319,835900
2022-11-02,15.285006523132324,15.648512928316626,15.276140307023217,15.426862598762401,1135200
2022-11-03,15.054490089416504,15.16974920863416,14.974695834898997,15.03675765706643,499600
2022-11-04,15.542121887207031,15.542121887207031,15.355934728993896,15.4800583737641,439400
2022-11-07,15.58645248413086,15.613051134808948,15.50665822315455,15.524390656939943,300600
2022-11-08,15.648512840270996,15.746039525864624,15.542121629675949,15.639646624211775,396800
2022-11-09,15.426862716674805,15.613049874273504,15.400265759202009,15.613049874273504,556600
2022-11-10,16.047483444213867,16.06521587559922,15.82583312507019,15.84356555645554,925900
2022-11-11,16.428726196289062,16.455323158675924,16.198209606273466,16.25140522210533,834600
2022-11-14,16.473052978515625,16.588310409692387,16.46418676210851,16.517382369493333,601700
2022-11-15,16.951818466186523,17.075942113389896,16.818826911545347,16.818826911545347,1254200
2022-11-16,16.91635513305664,17.04047879150392,16.84542708664991,16.93408756742283,620500
2022-11-17,17.022748947143555,17.058212126690673,16.80109857903522,16.836561758582338,611900
2022-11-18,16.925220489501953,17.02274718249821,16.86315866343449,17.02274718249821,403800
2022-11-21,16.64150619506836,16.712434228818548,16.588308901462433,16.712434228818548,431900
2022-11-22,16.676971435546875,16.694703868948935,16.579446433951393,16.668105218845845,862000
2022-11-23,16.685834884643555,16.694701099873985,16.490783222747005,16.54397882307195,482800
2022-11-25,16.632640838623047,16.632640838623047,16.552846585150114,16.614908406505105,266900
2022-11-28,16.490785598754883,16.6592403302889,16.46418694923123,16.570579856267948,350400
2022-11-29,16.739030838012695,16.77449569968241,16.67696902114837,16.730166313652944,853600
2022-11-30,17.040475845336914,17.08480692358788,16.78336235571221,16.872022821156417,977400
2022-12-01,17.18233299255371,17.26212724735824,17.10254042880701,17.138003602576894,712100
2022-12-02,17.067075729370117,17.09367437824866,16.916353434507393,16.951818299678784,443700
2022-12-05,16.934085845947266,17.146869963536375,16.88089023931445,17.075941924340007,750700
2022-12-06,16.792232513427734,16.872026781953874,16.730170680364765,16.872026781953874,485300
2022-12-07,16.668102264404297,16.765628939770984,16.65923774033244,16.721299555181194,441000
2022-12-08,16.863157272338867,16.889754229283465,16.739031939385505,16.739031939385505,321300
2022-12-09,16.87202262878418,16.96954761770889,16.83655776658777,16.83655776658777,284800
2022-12-12,16.889755249023438,16.898621465559543,16.765631599633746,16.8454258574008,876400
2022-12-13,17.252735137939453,17.440945973452,17.17207286287592,17.342360077949326,615600
2022-12-14,17.181034088134766,17.252733692243876,17.02867221572123,17.15414609554882,1593700
2022-12-15,16.858386993408203,17.05556220993869,16.822538041873134,17.019711548950017,950500
2022-12-16,16.688100814819336,16.786686709689135,16.634324825486495,16.786686709689135,444600
2022-12-19,16.670175552368164,16.79564944241114,16.64328755759315,16.79564944241114,303800
2022-12-20,16.679136276245117,16.786684823922034,16.679136276245117,16.706022558437674,455300
2022-12-21,16.88527488708496,16.88527488708496,16.741875662904274,16.768761949029656,268800
2022-12-22,16.75979995727539,16.858385849396985,16.66121235570031,16.849423184758024,280800
2022-12-23,16.840463638305664,16.876312590406844,16.714988032317457,16.750838693872268,1117000
2022-12-27,16.88527488708496,16.921123838403336,16.822537940187612,16.858386891505983,283600
2022-12-28,16.77772331237793,16.983861176914573,16.7597996928363,16.948010518924388,590500
2022-12-29,17.001785278320312,17.02867327257501,16.822537111649524,16.840462441152656,426400
2022-12-30,16.858386993408203,16.992823553208513,16.858386993408203,16.956974601673444,267900
2023-01-03,16.867347717285156,16.974897978418923,16.768760120366988,16.885273045716353,967300
2023-01-04,17.055561065673828,17.055561065673828,16.903199185601206,17.028673071736254,292400
2023-01-05,17.127260208129883,17.181034485090784,17.10037221492271,17.118297543727493,263700
2023-01-06,17.36028480529785,17.36028480529785,17.019710386971756,17.10037265923565,235800
2023-01-09,17.40509796142578,17.539534523961272,17.396135295996263,17.431985957714335,486600
2023-01-10,17.27962303161621,17.31547198173816,17.19896075702491,17.26169770182847,299800
2023-01-11,17.414058685302734,17.414058685302734,17.28858480218627,17.342359079314264,353300
2023-01-12,17.494722366333008,17.503685031485915,17.279623531024026,17.405097424257537,489800
2023-01-13,17.69189453125,17.709819860198042,17.494721041181887,17.50368370565591,217400
2023-01-17,17.638120651245117,17.656045980597018,17.54849571393911,17.61123265721727,1001800
2023-01-18,17.620195388793945,17.871144872312875,17.602270059373986,17.817368884052996,671300
2023-01-19,17.566421508789062,17.593307794075884,17.476796569108057,17.5395335140487,255700
2023-01-20,17.808408737182617,17.835295023079517,17.629158853753243,17.656046849103724,659800
2023-01-23,17.987655639648438,17.987655639648438,17.81736843337314,17.844256426822962,338500
2023-01-24,17.889068603515625,17.933881927344178,17.80840803953125,17.898031268281336,234700
2023-01-25,18.104169845581055,18.104169845581055,17.9518079575244,17.978694243417376,674300
2023-01-26,18.30134391784668,18.328231914027857,18.175870021241796,18.25653230033169,812100
2023-01-27,18.328229904174805,18.33719085913225,18.229642305108467,18.27445391770947,1264400
2023-01-30,18.140016555786133,18.26549043299667,18.12209122776938,18.184829875828015,1057900
2023-01-31,18.211719512939453,18.211719512939453,18.07728294695776,18.08624561261703,279500
2023-02-01,18.3730411529541,18.408891809887745,18.005580466651292,18.21171661565952,608400
2023-02-02,18.283416748046875,18.301342077031332,18.11312954160147,18.26549141906242,378200
2023-02-03,18.113130569458008,18.25653150001769,18.086244283909082,18.166906559462973,353700
2023-02-06,17.978694915771484,18.086245191726213,17.8711463492704,18.086245191726213,310900
2023-02-07,18.06831932067871,18.086244651044236,17.862183149835964,17.915957431478944,314500
2023-02-08,18.041431427001953,18.086244753168803,18.005582475522075,18.068319422702064,152400
2023-02-09,17.8621826171875,18.08624411171428,17.81736929261002,18.077281446798786,527200
2023-02-10,17.808408737182617,17.871145683546825,17.763595411598484,17.862183018429995,447600
2023-02-13,17.7546329498291,17.76359561504858,17.620196390444132,17.65604705132204,376200
2023-02-14,17.718782424926758,17.75463137316758,17.55745788420943,17.60226949687382,258800
2023-02-15,17.48575782775879,17.494720491951437,17.30650796281265,17.369244902707777,495300
2023-02-16,17.611234664916992,17.718784943835747,17.494723429754224,17.521609717393645,441500
2023-02-17,17.70085906982422,17.709821735247175,17.629159455894218,17.70085906982422,506200
2023-02-21,17.476797103881836,17.58434737668069,17.458871773506427,17.53953405074217,354500
2023-02-22,17.40509796142578,17.476797575408284,17.36924729970771,17.44990957911973,168400
2023-02-23,17.23480987548828,17.324434815848868,17.145184935127695,17.297546820904625,368600
2023-02-24,17.082447052001953,17.14518399397447,17.04659810349771,17.14518399397447,512000
2023-02-27,17.100372314453125,17.163109256181567,17.064523366088352,17.10933497890768,235800
2023-02-28,17.145185470581055,17.19896146214899,17.07348585794408,17.07348585794408,255200
2023-03-01,17.127260208129883,17.189997149493173,17.08244688611793,17.14518382748122,685900
2023-03-02,17.055561065673828,17.06452373031969,16.921122805439435,16.939048134731152,185000
2023-03-03,17.118297576904297,17.12726024132406,16.97489836509501,17.019709977740373,225100
2023-03-06,17.127260208129883,17.207922478297956,17.08244688611793,17.127260208129883,515200
2023-03-07,17.019710540771484,17.252734695033634,17.019710540771484,17.1182981431968,2012800
2023-03-08,17.181034088134766,17.207922080720707,17.127259812416284,17.14518343135351,421700
2023-03-09,16.912160873413086,17.12725968412928,16.876310216900357,17.064522744685398,364300
2023-03-10,16.643285751342773,16.822535611482277,16.616399468939196,16.786684955673035,766000
2023-03-13,16.3923397064209,16.535738925692023,16.374414376648623,16.473000271489063,595200
2023-03-14,16.706026077270508,16.759802071889286,16.643289126335638,16.652251792105435,611700
2023-03-15,16.53573989868164,16.589514181709095,16.392340670972672,16.562626185468552,361100
2023-03-16,16.930086135864258,16.930086135864258,16.61640140819093,16.61640140819093,715100
2023-03-17,16.858386993408203,16.965937266920612,16.84046337236747,16.921123940684772,560800
2023-03-20,16.930086135864258,16.974899460855845,16.83150023978988,16.840462904788197,625300
2023-03-21,17.109336853027344,17.172073801627857,17.055562569863138,17.082448856718422,632600
2023-03-22,17.315471649169922,17.566421133017858,17.288585364458235,17.32443431389165,596800
2023-03-23,17.342361450195312,17.539534966255914,17.27066183440476,17.414061065985866,319300
2023-03-24,17.324434280395508,17.33339694509991,17.216884013396193,17.270660001622602,350400
2023-03-27,17.530569076538086,17.548494404552482,17.45886947393387,17.467832137941066,474800
2023-03-28,17.665008544921875,17.68293387590659,17.620196926913735,17.638122257898452,438100
2023-03-29,17.73670768737793,17.745668642314506,17.6470827529312,17.656045417321216,665000
2023-03-30,17.772558212280273,17.80840887302104,17.718783930622717,17.75463288190989,494700
2023-03-31,17.790481567382812,17.826330514689698,17.745668246432455,17.745668246432455,733400
2023-04-03,17.924917221069336,17.96972883034068,17.862180284308124,17.862180284308124,1920600
2023-04-04,18.140016555786133,18.202753494391402,18.09520494519762,18.09520494519762,383600
2023-04-05,18.032468795776367,18.17586800727947,18.005580802574492,18.17586800727947,338600
2023-04-06,17.94284439086914,17.98765600474159,17.84425678900556,17.94284439086914,222600
2023-04-10,17.89803123474121,17.906993899490125,17.826331626203398,17.88010761469689,327300
2023-04-11,17.906993865966797,17.942844524895342,17.871144916491758,17.92491919543107,269400
2023-04-12,17.826330184936523,17.91595511572595,17.799443902317055,17.8801061690822,277500
2023-04-13,18.059354782104492,18.068317446357508,17.987655177533764,18.014543170292818,571000
2023-04-14,17.88010597229004,18.032467840119125,17.82632998873623,17.9607682381674,615500
2023-04-17,17.88010597229004,17.969729192639683,17.871143308364406,17.915954918539228,1297800
2023-04-18,17.85321807861328,17.88010607053793,17.81736742271375,17.85321807861328,178300
2023-04-19,17.95180892944336,17.96973255119121,17.915958267040313,17.924920932641076,130400
2023-04-20,17.8621826171875,17.942844891973426,17.835294622441012,17.88010794701849,355700
2023-04-21,17.924917221069336,17.924917221069336,17.81736696558346,17.915954557324405,188000
2023-04-24,17.915956497192383,17.95180715605388,17.871144883069014,17.90699383247701,252800
2023-04-25,17.57538414001465,17.727746024344253,17.54849614532582,17.727746024344253,515800
2023-04-26,17.638120651245117,17.75463187312548,17.61123265721727,17.700857594523274,201800
2023-04-27,17.70085906982422,17.709821735247175,17.548497176541257,17.60227145962535,445400
2023-04-28,17.81736946105957,17.835294791060033,17.673970239962983,17.691895569963446,1009300
2023-05-01,17.88010597229004,18.014542512267855,17.82632998873623,17.94284291031613,570000
2023-05-02,17.620195388793945,17.7277456558602,17.548495780567606,17.7277456558602,773300
2023-05-03,17.602270126342773,17.656046114807246,17.575383841564044,17.62915812057501,483800
2023-05-04,17.709821701049805,17.727747031861103,17.65604741806955,17.69189637023851,327700
2023-05-05,17.96076774597168,17.97869136387842,17.799443218637887,17.799443218637887,170900
2023-05-08,17.978694915771484,17.99662024667288,17.92492063252094,17.96973225032079,390600
2023-05-09,17.889068603515625,17.924919262578467,17.853219653906294,17.898031268281336,269800
2023-05-10,17.933881759643555,17.960769753689256,17.844256822278044,17.942844424325454,192000
2023-05-11,17.78152084350586,17.790483508673933,17.691895901278702,17.772558178337786,300300
2023-05-12,17.557456970214844,17.656044564288436,17.52160631438686,17.656044564288436,287900
2023-05-15,17.79944610595703,17.808408771090924,17.575384605970477,17.58434727110437,1047800
2023-05-16,17.387170791625977,17.638120268750082,17.378208127144386,17.56642066235083,574000
2023-05-17,17.252735137939453,17.261697802885795,17.154147532983234,17.24377247299311,409000
2023-05-18,17.118297576904297,17.189997182808938,17.055560635419415,17.189997182808938,178100
2023-05-19,17.27962303161621,17.342359976419772,17.225847042252987,17.225847042252987,339700
2023-05-22,17.342361450195312,17.37821040336375,17.315473453228723,17.315473453228723,300000
2023-05-23,17.270658493041992,17.38716970511503,17.261695829120473,17.36028342280383,151900
2023-05-24,17.127260208129883,17.23480876205168,17.127260208129883,17.23480876205168,172100
2023-05-25,17.03763771057129,17.189999608298425,17.028675044886906,17.15414894556089,580800
2023-05-26,17.252735137939453,17.270660467832137,17.163110197929576,17.163110197929576,159900
2023-05-30,16.956972122192383,17.109333990208384,16.912160511962586,17.082445998398494,235700
2023-05-31,16.813573837280273,16.822536501706875,16.69706090918789,16.795648508427067,396800
2023-06-01,16.956972122192383,16.96593478612901,16.777722262366492,16.849421864406178,403400
2023-06-02,17.163110733032227,17.21688501493328,17.136224446808498,17.15414806780645,427300
2023-06-05,17.04659652709961,17.08244547228869,17.01074587245723,17.037633863439012,262800
2023-06-06,17.216882705688477,17.234808033735764,17.010746561504813,17.010746561504813,345800
2023-06-07,17.123971939086914,17.244758805294776,17.08680565890863,17.18901115721313,395800
2023-06-08,17.32838249206543,17.33767406282238,17.16113776281217,17.16113776281217,150500
2023-06-09,17.309799194335938,17.356257047701416,17.28192625450255,17.32838233568213,207300
2023-06-12,17.37483787536621,17.38412767261635,17.328380028187187,17.337671597622993,162100
2023-06-13,17.47704315185547,17.5049178626463,17.42129550245963,17.45846178351407,463400
2023-06-14,17.569955825805664,17.653578180012154,17.48633347159917,17.616411901615628,415100
2023-06-15,17.82082176208496,17.830113331096832,17.70932470612809,17.71861627513996,291400
2023-06-16,17.77436637878418,17.904446590780967,17.74649344007373,17.904446590780967,296300
2023-06-20,17.421295166015625,17.53279223483987,17.374839087780565,17.514209094671532,552000
2023-06-21,17.4863338470459,17.532791696039048,17.42129463064122,17.43058620043985,384100
2023-06-22,17.36554718017578,17.421294827411486,17.34696404036863,17.412003257507912,218800
2023-06-23,17.06822395324707,17.096096890643434,16.993893166547192,17.096096890643434,219300
2023-06-26,17.096097946166992,17.1239726574701,17.049641866181,17.058933436615366,234800
2023-06-27,17.161136627197266,17.17971976748145,17.10538897853051,17.114680548672602,288700
2023-06-28,17.105388641357422,17.133263351234245,17.040349423830595,17.077513931480595,251700
2023-06-29,17.123971939086914,17.123971939086914,17.058932720960698,17.07751408886406,297000
2023-06-30,17.198301315307617,17.226176023152867,17.123970533239255,17.151843468898868,1293300
2023-07-03,17.25404930114746,17.29121557901187,17.189010087070415,17.19830165653652,156600
2023-07-05,17.08680534362793,17.096096913501057,17.01247455682867,17.096096913501057,1498900
2023-07-06,16.733734130859375,16.835939624721803,16.68727628265568,16.835939624721803,352600
2023-07-07,16.90097999572754,16.928852934370035,16.761609985957595,16.761609985957595,524100
2023-07-10,17.03105926513672,17.04964240659448,16.87310610711758,16.88239767784646,330900
2023-07-11,17.272632598876953,17.272632598876953,17.096096321769352,17.151843966892816,475700
2023-07-12,17.644287109375,17.653578679236887,17.477042396232513,17.477042396232513,387300
2023-07-13,18.09027099609375,18.09027099609375,17.923028062842985,17.923028062842985,495100
2023-07-14,17.923030853271484,18.034526159463983,17.923030853271484,18.015943017703254,326400
2023-07-17,17.969486236572266,18.01594231698126,17.923030156163268,17.941611525015347,310200
2023-07-18,17.941612243652344,18.01594303859552,17.913739303164867,17.960195385434623,248500
2023-07-19,17.988069534301758,18.053108756315247,17.950903251902115,17.96948639310194,377500
2023-07-20,17.895153045654297,17.988066966202492,17.857986768560764,17.988066966202492,421100
2023-07-21,17.91373634338379,17.960192417977883,17.876570065959996,17.923027912739737,254600
2023-07-24,17.876569747924805,17.90444445549674,17.79294739739461,17.830113674157193,303500
2023-07-25,17.978775024414062,18.043814235794517,17.969483455333197,17.988066593494928,247300
2023-07-26,18.238935470581055,18.26681018332654,18.080982309395182,18.080982309395182,310000
2023-07-27,18.146020889282227,18.331846966281045,18.12743774992663,18.331846966281045,216100
2023-07-28,18.49909210205078,18.526966811725988,18.434052884994387,18.434052884994387,493500
2023-07-31,18.63846206665039,18.675628346138758,18.564131279859406,18.5734228497315,458200
2023-08-01,18.48980140686035,18.54554905666228,18.471218266197763,18.499092977191648,365500
2023-08-02,17.988069534301758,18.164604059142405,17.960194822502025,18.164604059142405,192800
2023-08-03,17.960193634033203,18.015941281757826,17.885862846338448,17.885862846338448,264900
2023-08-04,17.969486236572266,18.173895471432065,17.969486236572266,18.01594231698126,619100
2023-08-07,18.034523010253906,18.071689287285345,17.969483797634517,18.025231440996045,495100
2023-08-08,17.904447555541992,17.904447555541992,17.774367336535978,17.839408332131946,310100
2023-08-09,17.876569747924805,17.969483667645644,17.83940524334784,17.941608960073708,232300
2023-08-10,17.8858642578125,18.071692127806994,17.867281116375867,17.93232033921817,289700
2023-08-11,17.7279109954834,17.75578570747405,17.681454914351544,17.746494136810497,436900
2023-08-14,17.569955825805664,17.588538965003927,17.439877395789207,17.514208180396565,314000
2023-08-15,17.058931350708008,17.254048989413903,17.03105664281332,17.254048989413903,442700
2023-08-16,16.873106002807617,16.96601993733611,16.863814432136177,16.938145225321794,1076300
2023-08-17,16.78948211669922,16.947435259420754,16.78019054687022,16.873104472974486,590400
2023-08-18,16.743026733398438,16.789482812282365,16.65940437365872,16.73373516318449,327600
2023-08-21,16.733734130859375,16.752317270140853,16.677986485200645,16.715150991577897,573400
2023-08-22,16.64082145690918,16.743026958450592,16.6222383162315,16.743026958450592,324800
2023-08-23,16.956727981567383,16.966019552027806,16.752318747995673,16.752318747995673,272300
2023-08-24,16.808063507080078,16.910268992376448,16.78948036935609,16.88239428579047,381800
2023-08-25,16.93814468383789,16.993894106084312,16.80806624296793,16.919561543089085,286100
2023-08-28,17.170429229736328,17.17972080043709,17.068225496399762,17.09609843631614,890600
2023-08-29,17.300508499145508,17.309798297151204,17.058932990723825,17.08680592911253,356000
2023-08-30,17.25404930114746,17.272632440079665,17.17042694813821,17.20759322600262,239100
2023-08-31,17.263341903686523,17.337672691677774,17.179719545673144,17.319089551633517,952000
2023-09-01,17.272632598876953,17.38412788912388,17.226176523305014,17.328380244000417,203800
2023-09-05,17.133264541625977,17.198303763671625,17.123972971021473,17.198303763671625,210200
2023-09-06,17.040348052978516,17.14255354211894,16.984600409895386,17.06822276061289,359800
2023-09-07,17.021764755249023,17.04963946262252,16.966017112687634,17.003181617000024,123700
2023-09-08,16.956727981567383,17.02176720260448,16.93814484064654,16.99389426340907,252700
2023-09-11,17.142555236816406,17.151845034760626,17.086805816036318,17.114680526426362,169200
2023-09-12,17.077512741088867,17.10538744902268,16.98460059234744,17.031056666718154,151900
2023-09-13,17.096097946166992,17.1239726574701,17.040350295746627,17.096097946166992,181000
2023-09-14,17.34696388244629,17.356255452265277,17.25404995644214,17.26334152626113,317300
2023-09-15,17.38412857055664,17.467750927612556,17.365547202910914,17.374838772826656,326500
2023-09-18,17.24475860595703,17.2819248857057,17.235467036019866,17.27263331576853,514700
2023-09-19,17.077512741088867,17.151843523393392,17.068222943963235,17.151843523393392,163100
2023-09-20,17.06822395324707,17.263341603764594,17.049640813525667,17.16113610748261,334000
2023-09-21,16.724443435668945,16.826648934875266,16.705860295415835,16.826648934875266,271800
2023-09-22,16.78019142150879,16.882396922769345,16.761610053068004,16.854522211829423,138600
2023-09-25,16.9195613861084,16.975310807837573,16.808066087021704,16.808066087021704,448800
2023-09-26,16.82664680480957,16.993891501544674,16.808063666908875,16.919558949941898,286800
2023-09-27,16.743026733398438,16.835940663352105,16.677987514086617,16.798774382496312,397500
2023-09-28,17.021764755249023,17.06822260087152,16.88239476275275,16.88239476275275,341300
2023-09-29,17.049640655517578,17.198302227539607,17.0217659461938,17.170427518215828,494500
2023-10-02,16.78019142150879,16.854522211829423,16.761610053068004,16.835940843388638,1269000
2023-10-03,16.715152740478516,16.81735824503467,16.659405088986926,16.770900391970105,618100
2023-10-04,16.557199478149414,16.612947129283157,16.464285544802593,16.612947129283157,449400
2023-10-05,16.705860137939453,16.743026418095333,16.631529349813473,16.631529349813473,601100
2023-10-06,16.956727981567383,16.98460269294865,16.733735607074827,16.78019168719108,586700
2023-10-09,16.835941314697266,16.845231113084804,16.705861098855294,16.73373581057555,291100
2023-10-10,17.133264541625977,17.14255611223048,16.966019815116663,16.966019815116663,257900
2023-10-11,17.08680534362793,17.133263192993557,17.003182986955547,17.08680534362793,340300
2023-10-12,16.93814468383789,17.105389406205468,16.900980174526122,17.105389406205468,294400
2023-10-13,16.835941314697266,16.966019758353355,16.817358173550428,16.910272107098727,274300
2023-10-16,16.94743537902832,16.956726948922896,16.808065374981172,16.81735694487575,455900
2023-10-17,16.993894577026367,17.049642228631846,16.81735827939214,16.845231219101933,194100
2023-10-18,16.529325485229492,16.696568427972004,16.510742345307293,16.696568427972004,216300
2023-10-19,16.37137222290039,16.50145065705177,16.343497513216917,16.417828300187097,619700
2023-10-20,16.194835662841797,16.315622525036932,16.185544093105907,16.297041157750872,292900
2023-10-23,16.278457641601562,16.32491371702032,16.139087643159613,16.176252149057483,384900
2023-10-24,16.492158889770508,16.557198106067773,16.464284180420652,16.47357575020394,331600
2023-10-25,16.315622329711914,16.41782782339742,16.28774939302365,16.41782782339742,299000
2023-10-26,16.25058364868164,16.315622866006365,16.204127571217054,16.269166788541778,148400
2023-10-27,16.009010314941406,16.176255051958833,15.999718743753105,16.176255051958833,433400
2023-10-30,16.297040939331055,16.31562230636808,16.176252306569058,16.250583091274247,212500
2023-10-31,16.278457641601562,16.278457641601562,16.194835288099256,16.278457641601562,190200
2023-11-01,16.3527889251709,16.389953432204166,16.222708720090125,16.259874999309126,594900
2023-11-02,16.482868194580078,16.482868194580078,16.389954264002878,16.40853740455548,316000
2023-11-03,16.984601974487305,17.021766482571046,16.82664882771338,16.82664882771338,274700
2023-11-06,17.08680534362793,17.142554762866684,17.0589324061943,17.142554762866684,469900
2023-11-07,16.975311279296875,17.02176735984226,16.910272057658982,16.975311279296875,285900
2023-11-08,16.743026733398438,16.798774382496312,16.705860452542645,16.780191242068415,194900
2023-11-09,16.743026733398438,16.938144391333903,16.72444359297054,16.900979882663925,739000
2023-11-10,16.724443435668945,16.733735005795502,16.5850734281422,16.668695787095405,195300
2023-11-13,16.854522705078125,16.86381427566335,16.696569549501042,16.743027402427174,245600
2023-11-14,16.91027069091797,16.919560488527516,16.789482055765074,16.83593990474147,390600
2023-11-15,16.705860137939453,16.7894824961044,16.67798720000832,16.69656856790048,740500
2023-11-16,16.79877471923828,16.891688651054466,16.77090000803767,16.835941000839092,413500
2023-11-17,16.91027069091797,16.919560488527516,16.83593990474147,16.845229702351016,210800
2023-11-20,16.891687393188477,16.919560330127634,16.78019032887469,16.817356607707858,575000
2023-11-21,16.76161003112793,17.458461854041403,16.705860609321054,16.80806611044783,1530900
2023-11-22,16.808063507080078,16.873102716928475,16.7801888004941,16.845228010342495,386200
2023-11-24,16.78019142150879,16.78019142150879,16.677987692434066,16.724443771814773,361800
2023-11-27,16.733734130859375,16.761608839781594,16.715150991577897,16.743025700500116,296600
2023-11-28,16.743026733398438,16.77089967185447,16.622238092802927,16.65940437365872,591300
2023-11-29,16.82664680480957,16.910269153177122,16.79877209795853,16.85451973947504,386300
2023-11-30,16.696569442749023,16.74302729537812,16.62223865072834,16.74302729537812,738200
2023-12-01,16.90097999572754,16.910271566003644,16.650112914830142,16.668696055382355,253800
2023-12-04,16.752317428588867,16.77089879586039,16.668695073216995,16.668695073216995,232700
2023-12-05,16.6686954498291,16.696568387459006,16.622237600136327,16.64082074001344,245500
2023-12-06,16.659404754638672,16.780191625810613,16.640821613785803,16.72444397543786,325200
2023-12-07,16.733734130859375,16.743025700500116,16.631528636996947,16.677986485200645,185600
2023-12-08,16.90097999572754,16.919561364093926,16.798774494876195,16.826649205704513,246900
2023-12-11,16.743026733398438,16.743026733398438,16.603656724560846,16.68727731211475,171100
2023-12-12,16.82664680480957,16.82664680480957,16.70585818064063,16.74302445644202,236300
2023-12-13,17.114681243896484,17.123972814416014,16.761610425083706,16.789483364456423,361700
2023-12-14,17.142555236816406,17.198302885410698,17.077514245906304,17.09609738616633,337800
2023-12-15,16.854522705078125,16.98460292108541,16.8452311344929,16.98460292108541,372900
2023-12-18,16.91027069091797,16.91027069091797,16.845229702351016,16.90097912112269,166700
2023-12-19,17.06822395324707,17.07751375092203,16.984601596686492,16.993893166547192,355300
2023-12-20,16.7753963470459,16.985925470436698,16.756256838034727,16.9380785231528,531400
2023-12-21,17.129467010498047,17.13903676437399,16.957215091218885,16.957215091218885,309000
2023-12-22,17.330429077148438,17.378276023729658,17.27301055095816,17.27301055095816,452600
2023-12-26,17.311288833618164,17.32085858757701,17.19645361135595,17.225162873232485,235200
2023-12-27,17.49311065673828,17.512248339574377,17.41655444966204,17.454831640578185,286200
2023-12-28,17.7227783203125,17.76105550916033,17.655791870895914,17.655791870895914,497100
2023-12-29,17.89503288269043,17.95244958708494,17.79933715853683,17.79933715853683,526000
2024-01-02,17.58880615234375,17.65579443673932,17.56009871284691,17.636654926912012,283500
2024-01-03,17.46440315246582,17.493112417475572,17.33043023290859,17.416556202693705,436400
2024-01-04,17.29214859008789,17.359135039706256,17.273009082984398,17.330427604294876,257100
2024-01-05,17.330429077148438,17.50268100523125,17.32085932278339,17.359136514999562,226400
2024-01-08,17.48354148864746,17.52181868084644,17.320859315002775,17.320859315002775,679200
2024-01-09,17.3591365814209,17.41655510783088,17.349566827019235,17.368706335822562,349200
2024-01-10,17.330429077148438,17.330429077148438,17.27301055095816,17.32085932278339,535900
2024-01-11,17.34000015258789,17.42612429794678,17.215595161608313,17.368707592626137,423500
2024-01-12,17.34000015258789,17.435694053040915,17.30172113221136,17.359137837532003,837200
2024-01-16,17.04334259033203,17.17731733145287,17.014635151355062,17.148608067231812,612200
2024-01-17,16.7753963470459,16.832813048835384,16.708408065506788,16.832813048835384,1309400
2024-01-18,16.832813262939453,16.85195277219407,16.756257051165043,16.77539656041966,516800
2024-01-19,16.985925674438477,16.995495429058998,16.842383005618796,16.899799708097856,935800
2024-01-22,16.94764518737793,16.957214941169195,16.8232420385793,16.89979824366551,1014500
2024-01-23,16.9189395904541,16.976356294199377,16.871090816296284,16.899800080790975,342700
2024-01-24,17.04334259033203,17.186885260949136,17.03377283559168,17.10076111877414,784900
2024-01-25,17.04334259033203,17.062482099812733,16.966786377653303,17.024204906095413,777700
2024-01-26,17.129467010498047,17.167746026001826,17.09118982023819,17.110327502746156,431500
2024-01-29,17.062480926513672,17.062480926513672,16.928508019849545,16.957215456852452,647200
2024-01-30,17.062480926513672,17.09119018876054,17.005064227263897,17.052911172431383,276300
2024-01-31,16.957216262817383,17.12946819399768,16.9189390699129,17.052911982944664,423800
2024-02-01,17.04334259033203,17.052912345072382,16.899799919714926,16.957216622912952,702600
2024-02-02,17.129467010498047,17.158176272125882,17.062480558610353,17.072050312486297,229400
2024-02-05,16.8232421875,16.890228639387917,16.756255735612083,16.85195144912793,273200
2024-02-06,16.957216262817383,16.957216262817383,16.823243349785617,16.83281310432275,413800
2024-02-07,17.119897842407227,17.119897842407227,17.0242039508613,17.052911388227482,519800
2024-02-08,16.957216262817383,16.985925526428783,16.8902298063015,16.985925526428783,295100
2024-02-09,16.985925674438477,16.985925674438477,16.880660198856816,16.928508971959417,228100
2024-02-12,17.072050094604492,17.14860629939108,17.03377107958925,17.04334083334306,424800
2024-02-13,16.727548599243164,16.851953590192775,16.650992383752694,16.83281408000912,570200
2024-02-14,17.02420425415039,17.02420425415039,16.909369026907893,16.928508535655645,614200
2024-02-15,17.34000015258789,17.3878471028144,17.225164916702447,17.225164916702447,588700
2024-02-16,17.502681732177734,17.588805874552158,17.483542222652712,17.49311197741522,718300
2024-02-20,17.655792236328125,17.780195384213222,17.636652728886144,17.741918194573152,622400
2024-02-21,17.502681732177734,17.521819416458666,17.445263203602664,17.464402713127686,228800
2024-02-22,17.49311065673828,17.560097109774496,17.454831640578185,17.560097109774496,630400
2024-02-23,17.349567413330078,17.37827667750527,17.282580955498716,17.3399994838491,328700
2024-02-26,17.1868839263916,17.215593188383387,17.158176489643758,17.215593188383387,394400
2024-02-27,17.206024169921875,17.244303187547306,17.15817722313411,17.177316731946824,402200
2024-02-28,17.02420425415039,17.043341937654127,16.95721597353326,17.043341937654127,316300
2024-02-29,17.02420425415039,17.100760463897384,16.985925236654886,17.072051200775757,422900
2024-03-01,17.167747497558594,17.167747497558594,16.985925808818394,17.02420482760331,498000
2024-03-04,17.081621170043945,17.129468117271248,17.043342152066874,17.11989836277698,400300
2024-03-05,17.04334259033203,17.158177821972167,17.03377283559168,17.052912345072382,324200
2024-03-06,17.3591365814209,17.41655510783088,17.320859389058267,17.320859389058267,489100
2024-03-07,17.473970413208008,17.473970413208008,17.37827470207939,17.406983962991138,347000
2024-03-08,17.416553497314453,17.58880358488429,17.416553497314453,17.51224738199419,551500
2024-03-11,17.454832077026367,17.4835413398643,17.387845622315194,17.435692568467747,231000
2024-03-12,17.473970413208008,17.473970413208008,17.330427759137024,17.43569139865901,338100
2024-03-13,17.60794448852539,17.665361188936117,17.5218185252873,17.5218185252873,336900
2024-03-14,17.598373413085938,17.751485819515924,17.550526470543012,17.751485819515924,328900
2024-03-15,17.56966781616211,17.617514763711778,17.521819043368392,17.617514763711778,475100
2024-03-18,17.49311065673828,17.540957601694448,17.473971148658233,17.531387847654425,504600
2024-03-19,17.48354148864746,17.52181868084644,17.43569271684372,17.48354148864746,322400
2024-03-20,17.61751365661621,17.63665316453096,17.435691981913973,17.473970997743468,416300
2024-03-21,17.665361404418945,17.799336140670203,17.646223720877927,17.761057123100123,316800
2024-03-22,17.550527572631836,17.627083780654193,17.550527572631836,17.627083780654193,473100
2024-03-25,17.512248992919922,17.57923727369928,17.493111309369837,17.493111309369837,631700
2024-03-26,17.713211059570312,17.780197518413907,17.70364130470064,17.722780814439986,489000
2024-03-27,17.799335479736328,17.808905233773498,17.722779272682914,17.761056463587646,458200
2024-03-28,17.56966781616211,17.617514763711778,17.560098061603366,17.598375254594288,899900
2024-04-01,17.550527572631836,17.627083780654193,17.493110872926064,17.627083780654193,402300
2024-04-02,17.636653900146484,17.694070601041613,17.61751439143344,17.646223654503007,330400
2024-04-03,17.655792236328125,17.703639179689187,17.57923603180409,17.617513221444163,396400
2024-04-04,17.598373413085938,17.8758907905177,17.569665977657728,17.789764833745352,662800
2024-04-05,17.7227783203125,17.74191782735834,17.598373349758393,17.627082610327154,580900
2024-04-08,17.751487731933594,17.789766750286926,17.72278029341265,17.74191980258932,260000
2024-04-09,17.885461807250977,17.95244826163959,17.78976609016268,17.933308753173133,492100
2024-04-10,17.665361404418945,17.732349685166582,17.607944703307847,17.703640421989025,748300
2024-04-11,17.7227783203125,17.74191782735834,17.560096160910565,17.74191782735834,717900
2024-04-12,17.34000015258789,17.493112583605715,17.320860642399623,17.48354282851158,559200
2024-04-15,17.129467010498047,17.359135627788955,17.110327502746156,17.359135627788955,710100
2024-04-16,17.062480926513672,17.14860688801031,17.005064227263897,17.062480926513672,1624200
2024-04-17,17.1868839263916,17.292149395117544,17.119897473654706,17.2634419583697,905900
2024-04-18,17.330429077148438,17.454832233406016,17.32085932278339,17.359136514999562,813700
2024-04-19,17.426122665405273,17.521818382137333,17.38784547385884,17.454831927998086,573300
2024-04-22,17.741918563842773,17.770626000359353,17.598374080284152,17.617513588124492,649000
2024-04-23,18.095991134643555,18.115130643332115,17.866322506112862,17.91416945259025,694000
2024-04-24,18.06728172302246,18.124700248615923,18.000295268407417,18.095990985819192,376400
2024-04-25,18.143836975097656,18.18211599014134,17.971586883132773,18.0290035804544,362200
2024-04-26,18.1342716217041,18.153409306699658,18.038575895749695,18.1342716217041,347700
2024-04-29,18.229963302612305,18.239533056566884,18.095990397736067,18.143837342265027,357400
2024-04-30,18.000295639038086,18.182117323339813,18.000295639038086,18.13427037627074,522600
2024-05-01,18.00986671447754,18.191688412115415,17.895033302991425,17.895033302991425,481900
2024-05-02,18.344799041748047,18.39264598762525,18.13426992454676,18.249103324749647,745300
2024-05-03,18.47877311706543,18.49791262672229,18.35436995478405,18.469203362237,260000
2024-05-06,18.47877311706543,18.526621891207576,18.459635432652675,18.50748238155072,530000
2024-05-07,18.344799041748047,18.440494758746443,18.31608977907533,18.440494758746443,381000
2024-05-08,18.296953201293945,18.30652113085225,18.18211796890922,18.201257478514023,387400
2024-05-09,18.430925369262695,18.469202561673153,18.34479940478414,18.35436915919776,495400
2024-05-10,18.411785125732422,18.497911086774213,18.373507934849375,18.469201824678965,301100
2024-05-13,18.47877311706543,18.555329330448764,18.450065677824245,18.517052136379146,261600
2024-05-14,18.670164108276367,18.689303617466923,18.574468387567652,18.65102459908581,1198000
2024-05-15,18.71800994873047,18.71800994873047,18.54575802669329,18.564897534751633,366400
2024-05-16,18.765859603881836,18.794567042079255,18.69887314776248,18.746720094920867,201700
2024-05-17,18.9381103515625,18.976387541850404,18.80413562244502,18.80413562244502,315200
2024-05-20,18.765859603881836,18.813706551040223,18.727580585959895,18.80413679655974,381200
2024-05-21,18.80413818359375,18.823277693966492,18.7467214777197,18.79456842840738,285600
2024-05-22,18.689302444458008,18.74671914318193,18.65102342847943,18.74671914318193,528800
2024-05-23,18.641454696655273,18.861553574868992,18.584037994783007,18.85198564559365,309000
2024-05-24,18.756288528442383,18.794565718424515,18.72757926702285,18.74671877463587,422600
2024-05-28,18.737150192260742,18.81370640225515,18.67973349107594,18.804136647850346,348500
2024-05-29,18.622316360473633,18.68930464632833,18.60317867547359,18.68930464632833,357600
2024-05-30,18.765859603881836,18.784997287598767,18.69887314776248,18.75628984940135,210600
2024-05-31,18.71800994873047,18.756288964847155,18.603176550868316,18.756288964847155,500200
2024-06-03,18.80413818359375,18.84241720433923,18.727581967346957,18.81370793878012,376400
2024-06-04,18.756288528442383,18.756288528442383,18.660592815621182,18.698871830847224,610300
2024-06-05,18.746721267700195,18.756291022779358,18.63188603199442,18.708442247383555,286800
2024-06-06,18.784997940063477,18.79456769487635,18.71801148161746,18.727581236430336,219000
2024-06-07,18.526620864868164,18.631884511661276,18.51705111056988,18.612746828308712,489300
2024-06-10,18.622316360473633,18.63188611559573,18.507482949496747,18.54576014474099,269100
2024-06-11,18.53558349609375,18.56481824189057,18.36991312108582,18.428384471450173,6438900
2024-06-12,18.71099853515625,18.827941230442498,18.66227086314479,18.818195696040206,457200
2024-06-13,18.65252685546875,18.740234813497725,18.603801038239666,18.71100006666859,163700
2024-06-14,18.50634765625,18.516093191508553,18.418639697693823,18.486856585732895,393100
2024-06-17,18.623291015625,18.623291015625,18.486855389603665,18.516091993487667,599200
2024-06-18,18.69150733947754,18.69150733947754,18.574562786214457,18.623290457895166,655000
2024-06-20,18.55507469177246,18.55507469177246,18.486855947318425,18.506347017162433,269600
2024-06-21,18.53558349609375,18.56481824189057,18.49660135667037,18.545329030949596,176200
2024-06-24,18.71099853515625,18.788960951603958,18.672016397547083,18.672016397547083,397600
2024-06-25,18.60379981994629,18.64278009942273,18.574563216260966,18.64278009942273,200700
2024-06-26,18.584308624267578,18.584308624267578,18.51609174157036,18.564817555276758,743200
2024-06-27,18.81819725036621,18.827942785573455,18.749980362686287,18.798708038722506,291700
2024-06-28,18.71099853515625,18.759724348397082,18.642779794340207,18.720742210787915,448100
2024-07-01,18.61354637145996,18.7012543285372,18.545329484571166,18.65252665306609,257300
2024-07-02,18.89615821838379,18.89615821838379,18.769469987985275,18.779215522442183,323000
2024-07-03,19.266481399536133,19.29571614460186,19.130045773736956,19.130045773736956,277700
2024-07-05,19.16902732849121,19.16902732849121,18.993611428355567,19.120301515684915,265500
2024-07-08,19.100811004638672,19.169027888067095,19.08131993543893,19.130045749667616,390000
2024-07-09,19.22749900817871,19.256735611630543,19.15928212556175,19.18851872901358,154800
2024-07-10,19.578330993652344,19.597822062798567,19.490623041265,19.490623041265,559700
2024-07-11,19.675785064697266,19.72451088023861,19.636802925247615,19.636802925247615,413300
2024-07-12,19.695274353027344,19.80247337816431,19.68553067689737,19.763493097332237,315300
2024-07-15,19.549095153808594,19.66603971448485,19.51986040771758,19.64654864457702,170800
2024-07-16,19.597822189331055,19.597822189331055,19.432151818059832,19.441897352695868,134000
2024-07-17,19.451641082763672,19.56858563995127,19.451641082763672,19.529605360069187,192700
2024-07-18,19.2080078125,19.402914783351836,19.188518602431323,19.402914783351836,208300
2024-07-19,19.13979148864746,19.246990511620066,19.13979148864746,19.227499442212196,184300
2024-07-22,19.16902732849121,19.23724420992827,19.139790725545065,19.178772862806593,247000
2024-07-23,19.188518524169922,19.29571568480765,19.149536386650293,19.1592819210302,312400
2024-07-24,19.120302200317383,19.2762270374054,19.110556665653046,19.25673596807673,210000
2024-07-25,19.013103485107422,19.139791720250212,18.974121345819974,19.022849019929282,164300
2024-07-26,19.032594680786133,19.100811566220194,18.983867006354146,18.983867006354146,454900
2024-07-29,19.06182861328125,19.110556285633965,19.02284833416972,19.110556285633965,1069100
2024-07-30,19.100811004638672,19.120302073838413,19.042339655810117,19.11055653923854,153100
2024-07-31,19.324953079223633,19.38342442912661,19.246990659762766,19.344444148781527,557700
2024-08-01,18.944887161254883,19.178774427594973,18.896159485702302,19.169028892484455,1325100
2024-08-02,18.9156494140625,18.99361183146959,18.827941462133193,18.99361183146959,637500
2024-08-05,18.097043991088867,18.194497482328703,17.775448771136926,17.775448771136926,1251100
2024-08-06,18.048316955566406,18.175005184480014,18.019080352538367,18.08729723416651,779300
2024-08-07,18.194496154785156,18.408892332852997,18.184750620495173,18.32118438301374,586600
2024-08-08,18.48685646057129,18.535584136534148,18.43813064337921,18.457621713764354,660400
2024-08-09,18.59405517578125,18.613546245838148,18.516092754324397,18.54532935940975,368000
2024-08-12,18.53558349609375,18.60380038131395,18.506346891526217,18.53558349609375,178200
2024-08-13,18.857177734375,18.87666880307697,18.69150736794947,18.69150736794947,434600
2024-08-14,19.042339324951172,19.08131960390271,18.993611652798464,19.003357187229003,552100
2024-08-15,19.315208435058594,19.402916393342576,19.295717364601977,19.295717364601977,896600
2024-08-16,19.578330993652344,19.588076528225457,19.471131972118776,19.490623041265,420100
2024-08-19,19.763492584228516,19.78298179475321,19.617311423283933,19.617311423283933,311900
2024-08-20,19.773239135742188,19.831710487864584,19.753748065444466,19.821964952715724,228100
2024-08-21,19.812219619750977,19.88043650771839,19.753748267031877,19.79272854925435,384300
2024-08-22,19.617311477661133,19.77323817368561,19.597822267082417,19.763492639010913,276300
2024-08-23,20.0850887298584,20.0850887298584,19.80247378819841,19.85120146371087,356700
2024-08-26,19.899927139282227,19.987635095811694,19.899927139282227,19.96814402574498,143100
2024-08-27,19.929162979125977,19.968143258991862,19.890180840489418,19.890180840489418,132500
2024-08-28,19.821964263916016,19.880435614006576,19.76349291382546,19.85120086834665,208500
2024-08-29,19.929162979125977,19.968143258991862,19.899926375148556,19.929162979125977,305400
2024-08-30,20.104578018188477,20.124069088468012,19.977889778913045,20.094834341819478,252800
2024-09-03,20.133813858032227,20.299484231567213,20.075342508187727,20.299484231567213,409400
2024-09-04,20.211776733398438,20.25075887335468,20.094834031071183,20.094834031071183,310800
2024-09-05,20.270248413085938,20.338467159114998,20.221522596121662,20.309230553673974,322900
2024-09-06,20.065597534179688,20.338466939030884,20.016871717742678,20.30923033390623,301200
2024-09-09,20.4943904876709,20.533370766604254,20.396937002181566,20.406682536607565,435300
2024-09-10,20.4943904876709,20.504136022096894,20.396937002181566,20.46515388439291,374800
2024-09-11,20.8452205657959,20.86471163477192,20.62107884888362,20.70878680050506,361800
2024-09-12,21.00114631652832,21.010891851441613,20.80624119457464,20.845221475457084,567200
2024-09-13,21.07910919189453,21.108345797265258,21.01089230480027,21.04987444529457,219000
2024-09-16,21.186307907104492,21.186307907104492,21.06936520488736,21.137582090975812,190400
2024-09-17,21.215543746948242,21.22528928157667,21.108344724806177,21.215543746948242,257200
2024-09-18,21.264270782470703,21.517649121048734,21.25452524728261,21.303252923223067,218400
2024-09-19,21.683319091796875,21.702810161804592,21.517648714272767,21.624847740544467,210000
2024-09-20,21.527393341064453,21.53713887565716,21.42019431931534,21.53713887565716,191500
2024-09-23,21.800262451171875,21.848988264734054,21.722300034210004,21.732043709905927,341900
2024-09-24,21.858734130859375,21.858734130859375,21.751535108871302,21.77102617810016,540100
2024-09-25,21.546884536743164,21.66382723500085,21.488411328843647,21.66382723500085,329700
2024-09-26,21.654081344604492,21.712554551543377,21.566373392966813,21.566373392966813,284000
2024-09-27,21.702810287475586,21.800263779307738,21.683319217355006,21.702810287475586,222400
2024-09-30,21.585865020751953,21.751535393826302,21.50790260158583,21.7417898590842,376100
2024-10-01,21.507902145385742,21.58586456289822,21.41044865880248,21.54688428352731,474900
2024-10-02,21.537139892578125,21.605356779177413,21.410449795661656,21.605356779177413,263400
2024-10-03,21.274015426635742,21.361723380884296,21.24477882229599,21.28376096141566,326600
2024-10-04,21.361722946166992,21.361722946166992,21.264269459121728,21.293506062866506,85100
2024-10-07,21.293506622314453,21.361723507407213,21.244778948126257,21.30325215715209,324300
2024-10-08,21.274015426635742,21.342232311324462,21.21554407672694,21.32274124176463,249600
2024-10-09,21.381214141845703,21.381214141845703,21.293506188863052,21.322740934010152,149200
2024-10-10,21.274015426635742,21.274015426635742,21.127836122478385,21.235035146286773,234300
2024-10-11,21.40070343017578,21.41044896485048,21.274015196946078,21.283760731620774,201200
2024-10-14,21.527393341064453,21.585864689850034,21.429939853908046,21.478667526871583,295500
2024-10-15,21.332487106323242,21.390960315906682,21.235035474558966,21.371469246045535,1877900
2024-10-16,21.32274055480957,21.332486089275516,21.26426920678454,21.26426920678454,483800
2024-10-17,21.40070343017578,21.47866770757336,21.40070343017578,21.47866770757336,399600
2024-10-18,21.546884536743164,21.595610351222085,21.4786676529644,21.595610351222085,4408600
2024-10-21,21.32274055480957,21.400702971766492,21.2252889276914,21.36172269267335,452400
2024-10-22,21.34223175048828,21.361722819535924,21.293505936639825,21.303251471163648,836700
2024-10-23,21.235034942626953,21.312997361347872,21.2057983385676,21.29350629197497,1075600
2024-10-24,21.332487106323242,21.361723711114962,21.244779150718813,21.332487106323242,415300
2024-10-25,21.186307907104492,21.371469354180807,21.186307907104492,21.371469354180807,474200
2024-10-28,21.25452423095703,21.293506369845392,21.176561811951004,21.22528948556145,390100
2024-10-29,21.07910919189453,21.176562684359517,21.059619980418145,21.14732793775956,416000
2024-10-30,20.893949508666992,20.952420860379682,20.796496016632005,20.854967368344695,400600
2024-10-31,20.81598663330078,20.89394905347615,20.689296538784113,20.854966914003107,515000
2024-11-01,20.82573127746582,20.952419507793397,20.796494674111468,20.913437369987594,2304400
2024-11-04,20.93292999267578,21.079109302756688,20.923184457500952,20.962166598200273,404000
2024-11-05,21.127836227416992,21.127836227416992,21.020637203076163,21.040128272732808,353400
2024-11-06,20.91343879699707,20.932929867229927,20.718533670980804,20.84522190995284,298600
2024-11-07,21.673572540283203,21.780771561527175,21.556629843263103,21.654081471189635,602200
2024-11-08,21.644336700439453,21.702809909783593,21.527393999292617,21.68331884000221,450600
2024-11-11,21.595611572265625,21.65408292470051,21.576120501863734,21.615102642667512,517800
2024-11-12,21.634592056274414,21.790516890007115,21.634592056274414,21.702808938686143,525000
2024-11-13,21.780771255493164,21.839242603181656,21.722299907804675,21.839242603181656,719100
2024-11-14,21.780771255493164,21.926950554099705,21.76128018667346,21.878224740821068,360100
2024-11-15,21.800262451171875,21.810006126867798,21.71255449974344,21.79051691670531,898100
2024-11-18,22.014659881591797,22.02440541661104,21.741790477365306,21.741790477365306,917100
2024-11-19,22.258291244506836,22.307017057688178,21.975676323497307,22.014658461058882,854900
2024-11-20,22.238801956176758,22.248547491347384,22.11211371650017,22.199821674265028,376700
2024-11-21,22.28752899169922,22.307018202709763,22.17058443178235,22.199821036454246,383900
2024-11-22,22.160839080810547,22.258292571754946,22.063385589866147,22.21931043186889,847900
2024-11-25,22.043895721435547,22.082876001388634,21.965933302758696,22.073130466707692,445300
2024-11-26,21.868480682373047,21.878226217440652,21.75153612033254,21.878226217440652,329500
2024-11-27,21.975677490234375,21.98542302514218,21.887969534834852,21.926951674466075,525500
2024-11-29,22.151092529296875,22.151092529296875,22.02440429802256,22.0731301118733,362900
2024-12-02,22.121858596801758,22.141347807795302,21.965933756229102,22.0341506416333,433200
2024-12-03,22.326509475708008,22.355746080646018,22.199821238518105,22.20956677349744,774500
2024-12-04,22.462942123413086,22.472687657904576,22.307017289090556,22.365490496039488,329400
2024-12-05,22.648103713989258,22.657849248546487,22.560395761744843,22.599377899973764,395300
2024-12-06,22.40447235107422,22.54090612600997,22.355746533960243,22.54090612600997,207800
2024-12-09,22.375234603881836,22.57014157993446,22.375234603881836,22.531161299986344,241700
2024-12-10,22.45319938659668,22.531161807018027,22.414217247000643,22.501925202321,274000
2024-12-11,22.45319938659668,22.462943062724964,22.365491431276322,22.414217247000643,296500
2024-12-12,22.355745315551758,22.511670152343363,22.34599978090595,22.43370773394756,138200
2024-12-13,22.34600067138672,22.47268890928938,22.34600067138672,22.462943374255214,655100
2024-12-16,22.34600067138672,22.40447202282097,22.336255136352552,22.3947264877868,154500
2024-12-17,22.420000076293945,22.420000076293945,22.219999313354492,22.329999923706055,387300
2024-12-18,21.760000228881836,22.309999465942383,21.690000534057617,22.309999465942383,943500
2024-12-19,21.760000228881836,21.90999984741211,21.760000228881836,21.860000610351562,434900
2024-12-20,21.780000686645508,21.979999542236328,21.700000762939453,21.719999313354492,986100
2024-12-23,21.860000610351562,21.899999618530273,21.770000457763672,21.81999969482422,345200
2024-12-24,21.969999313354492,22.010000228881836,21.920000076293945,22.010000228881836,92000
2024-12-26,22.010000228881836,22.010000228881836,21.940000534057617,22.0,220600
2024-12-27,21.8799991607666,21.940000534057617,21.84000015258789,21.940000534057617,283600
2024-12-30,21.920000076293945,21.979999542236328,21.860000610351562,21.979999542236328,534500
2024-12-31,21.850000381469727,21.950000762939453,21.809999465942383,21.889999389648438,210600
2025-01-02,21.75,21.899999618530273,21.690000534057617,21.899999618530273,595000
2025-01-03,21.860000610351562,21.899999618530273,21.770000457763672,21.790000915527344,266800
2025-01-06,22.1299991607666,22.18000030517578,22.09000015258789,22.18000030517578,340500
2025-01-07,22.0,22.190000534057617,21.969999313354492,22.149999618530273,458700
2025-01-08,22.290000915527344,22.31999969482422,22.15999984741211,22.239999771118164,830700
2025-01-10,21.68000030517578,21.739999771118164,21.530000686645508,21.729999542236328,1163600
2025-01-13,21.649999618530273,21.649999618530273,21.450000762939453,21.5,671200
2025-01-14,21.770000457763672,21.790000915527344,21.639999389648438,21.670000076293945,265500
2025-01-15,21.829999923706055,21.93000030517578,21.75,21.860000610351562,630500
2025-01-16,21.899999618530273,21.979999542236328,21.81999969482422,21.81999969482422,426200
2025-01-17,22.020000457763672,22.15999984741211,21.950000762939453,22.010000228881836,319900
2025-01-21,22.290000915527344,22.290000915527344,22.1299991607666,22.149999618530273,545800
2025-01-22,22.18000030517578,22.25,22.139999389648438,22.239999771118164,286500
2025-01-23,22.270000457763672,22.350000381469727,22.219999313354492,22.270000457763672,564900
2025-01-24,22.389999389648438,22.43000030517578,22.329999923706055,22.399999618530273,319500
2025-01-27,22.40999984741211,22.469999313354492,22.34000015258789,22.34000015258789,375100
2025-01-28,22.5,22.5,22.280000686645508,22.309999465942383,412200
2025-01-29,22.510000228881836,22.56999969482422,22.459999084472656,22.530000686645508,301300
2025-01-30,22.670000076293945,22.739999771118164,22.579999923706055,22.610000610351562,393900
2025-01-31,22.579999923706055,22.790000915527344,22.520000457763672,22.780000686645508,705000
2025-02-03,22.479999542236328,22.56999969482422,22.309999465942383,22.34000015258789,799200
2025-02-04,22.719999313354492,22.799999237060547,22.59000015258789,22.59000015258789,321100
2025-02-05,22.700000762939453,22.760000228881836,22.65999984741211,22.729999542236328,791300
2025-02-06,22.75,22.760000228881836,22.670000076293945,22.709999084472656,482900
2025-02-07,22.889999389648438,23.079999923706055,22.809999465942383,23.0,390200
2025-02-10,23.079999923706055,23.09000015258789,22.989999771118164,23.0,487300
2025-02-11,23.110000610351562,23.139999389648438,22.899999618530273,22.93000030517578,345300
2025-02-12,23.260000228881836,23.280000686645508,23.0,23.09000015258789,3906500
2025-02-13,23.520000457763672,23.520000457763672,23.260000228881836,23.270000457763672,2274200
2025-02-14,23.5,23.510000228881836,23.420000076293945,23.489999771118164,271700
2025-02-18,23.860000610351562,23.8799991607666,23.75,23.770000457763672,385500
2025-02-19,23.75,23.81999969482422,23.729999542236328,23.81999969482422,266900
2025-02-20,23.760000228881836,23.899999618530273,23.639999389648438,23.889999389648438,236400
2025-02-21,23.520000457763672,23.760000228881836,23.459999084472656,23.700000762939453,365300
2025-02-24,23.469999313354492,23.579999923706055,23.389999389648438,23.5,242100
2025-02-25,23.329999923706055,23.469999313354492,23.209999084472656,23.459999084472656,286200
2025-02-26,23.420000076293945,23.549999237060547,23.329999923706055,23.329999923706055,303800
2025-02-27,23.25,23.459999084472656,23.229999542236328,23.459999084472656,214400
2025-02-28,23.25,23.329999923706055,23.110000610351562,23.260000228881836,643100
2025-03-03,23.25,23.65999984741211,23.190000534057617,23.59000015258789,628300
2025-03-04,23.469999313354492,23.610000610351562,23.15999984741211,23.329999923706055,924400
2025-03-05,24.1299991607666,24.170000076293945,23.68000030517578,23.68000030517578,1292100
2025-03-06,23.81999969482422,24.1299991607666,23.81999969482422,24.100000381469727,512500
2025-03-07,23.829999923706055,23.899999618530273,23.559999465942383,23.850000381469727,746900
2025-03-10,23.329999923706055,23.65999984741211,23.190000534057617,23.6200008392334,1434300
2025-03-11,23.049999237060547,23.170000076293945,22.809999465942383,23.049999237060547,635700
2025-03-12,23.110000610351562,23.200000762939453,22.989999771118164,23.200000762939453,723300
2025-03-13,23.010000228881836,23.149999618530273,22.989999771118164,23.09000015258789,654200
2025-03-14,23.280000686645508,23.329999923706055,23.139999389648438,23.149999618530273,526000
2025-03-17,23.649999618530273,23.700000762939453,23.450000762939453,23.450000762939453,565600
2025-03-18,23.56999969482422,23.690000534057617,23.459999084472656,23.639999389648438,644100
2025-03-19,23.770000457763672,23.850000381469727,23.610000610351562,23.6200008392334,292900
2025-03-20,23.729999542236328,23.739999771118164,23.600000381469727,23.649999618530273,237500
2025-03-21,23.71980094909668,23.735000610351562,23.684999465942383,23.649999618530273,26080
